2.221519373 11.419159843 1.000000000
-0.713666702 6.504344497 2.000000000
-0.931237030 4.909937058 2.000000000
0.154614849 0.895788232 1.000000000
-0.082476193 3.385779967 2.000000000
-1.856547291 -0.089483210 1.000000000
0.472205249 5.413359609 2.000000000
1.177444470 7.940461674 2.000000000
1.570043306 12.413024613 1.000000000
-0.758645575 -1.080756723 1.000000000
11.780654578 12.387152321 2.000000000
15.264231135 11.646580283 2.000000000
0.979672404 9.407230524 2.000000000
0.738265291 1.233528720 1.000000000
13.368015771 10.104589306 2.000000000
0.288467924 0.440059453 1.000000000
-0.043851476 4.950990045 2.000000000
-3.534766808 13.118747590 1.000000000
0.092535052 7.978433757 2.000000000
15.910155070 12.631878920 2.000000000
1.283403627 4.948233016 2.000000000
10.771025811 10.973233378 2.000000000
-1.053528290 -0.902525486 1.000000000
2.269533976 11.580991218 1.000000000
4.505839466 9.929047338 1.000000000
2.064803424 12.749818391 1.000000000
12.323410197 12.994650071 2.000000000
-1.328248713 6.355693705 2.000000000
11.221820979 13.205989507 2.000000000
0.387592499 1.062498622 2.000000000
11.762340067 13.991402002 2.000000000
-2.050336722 12.559962586 1.000000000
1.176192811 12.029367993 1.000000000
10.912060659 10.256362465 2.000000000
0.118948398 8.926417522 2.000000000
14.693625899 13.399712462 2.000000000
0.646125195 7.590652591 2.000000000
0.031289511 -0.092378306 1.000000000
-2.252427904 12.913014137 1.000000000
-0.761767999 0.187399167 1.000000000
16.805157918 13.675535166 2.000000000
1.417971703 11.530626234 1.000000000
12.948590788 11.327874079 2.000000000
16.345416150 11.190489040 2.000000000
1.443912511 12.229974317 1.000000000
-1.247670360 -0.649753566 1.000000000
10.426046771 11.983287814 2.000000000
-0.533584074 11.334608123 1.000000000
10.468616493 13.768024306 2.000000000
-1.614982633 12.515045030 1.000000000
0.646293910 -0.437578431 1.000000000
2.020133979 10.517705768 1.000000000
0.835704158 1.129737725 1.000000000
6.309335622 12.118538670 1.000000000
0.040293548 5.163687019 2.000000000
15.524051291 11.657545562 2.000000000
-0.625355194 0.525137771 1.000000000
0.156921683 5.986678333 2.000000000
0.656888988 12.044884845 1.000000000
12.402960614 12.345530934 2.000000000
-0.962583797 1.093516077 1.000000000
1.365226241 13.278263163 1.000000000
-0.516928170 7.131296728 2.000000000
0.160347896 -0.373781270 1.000000000
-2.110910695 12.395148902 1.000000000
-0.133177928 0.358979748 1.000000000
0.228141774 0.510803340 1.000000000
-0.638783869 1.723759892 1.000000000
-0.386847018 10.788548034 1.000000000
-0.855526879 8.118793051 2.000000000
-0.666443845 11.343866735 1.000000000
11.812984229 13.096551721 2.000000000
-3.499605944 12.604075202 1.000000000
0.330441285 11.791052454 1.000000000
0.565262399 10.001103572 2.000000000
-1.731818165 1.081008492 1.000000000
0.486370818 11.964852444 1.000000000
0.796593302 0.163922066 1.000000000
-1.329588426 9.875323751 1.000000000
-1.721382936 0.658315903 1.000000000
8.923153033 12.101942596 2.000000000
0.464123672 0.212754417 1.000000000
-1.963427754 11.884574709 1.000000000
9.579274474 11.573323870 2.000000000
0.218319371 13.449530632 1.000000000
0.305554777 4.845423747 2.000000000
-0.815549981 13.039624536 1.000000000
0.589902699 -1.124629046 1.000000000
0.027174428 2.625431867 2.000000000
11.235238807 11.818424466 2.000000000
1.285933864 9.601289201 2.000000000
-0.433028697 -0.227601039 1.000000000
9.512610129 13.791882086 2.000000000
13.185135232 10.329862339 2.000000000
2.199408756 8.975021394 2.000000000
-0.170028783 6.167583142 2.000000000
1.925009835 11.291477037 1.000000000
0.491040454 -0.102136784 1.000000000
12.509886700 11.210749410 2.000000000
0.342838481 4.609352148 2.000000000
-1.242962563 12.021181090 1.000000000
-0.524739369 0.085770632 1.000000000
14.311443439 12.321460217 2.000000000
-0.632677040 4.958825863 2.000000000
11.561605205 9.836103311 2.000000000
11.134448190 12.208514328 2.000000000
1.510546516 10.861216440 1.000000000
1.230377433 11.033093371 1.000000000
0.480767739 8.931173327 2.000000000
0.815713212 -0.972064446 1.000000000
-0.863527096 6.958816997 2.000000000
13.180771004 10.830837619 2.000000000
-1.012852073 5.542948317 2.000000000
-0.121209086 8.336099408 2.000000000
-1.792432162 12.959906762 1.000000000
12.814454424 11.572612767 2.000000000
2.190645328 0.426290103 1.000000000
-1.132209708 -0.908952312 1.000000000
-1.578910669 11.374019649 1.000000000
-2.284400018 10.911412738 1.000000000
-0.453650771 0.608575130 1.000000000
15.942376835 12.325456078 2.000000000
14.667884294 11.168209126 2.000000000
15.589060712 12.610485493 2.000000000
1.463014004 12.410262184 1.000000000
13.085842782 13.556546966 2.000000000
9.965927237 10.889895032 2.000000000
0.976581898 1.227318392 1.000000000
11.327942040 11.898782234 2.000000000
-3.552044490 12.369415908 1.000000000
-1.028667571 -0.654782925 1.000000000
-1.342151227 1.080446932 1.000000000
-0.395526704 0.562863680 1.000000000
-1.289185550 6.585007888 2.000000000
1.200191970 13.471046228 1.000000000
-0.554185067 6.701116163 2.000000000
1.036892309 7.273629075 2.000000000
-0.398396115 0.313149882 1.000000000
-0.543959905 6.583126290 2.000000000
13.965278026 12.333964614 2.000000000
1.972480203 1.051363550 1.000000000
-0.033396343 6.215840420 2.000000000
0.930680391 6.212228270 2.000000000
-0.082462463 9.260754637 2.000000000
-1.633125274 5.775706191 2.000000000
-0.161028067 0.442260340 1.000000000
12.854136912 11.280804503 2.000000000
-0.493628466 -1.281106507 1.000000000
0.866809167 0.507328160 1.000000000
-1.095600728 11.523536005 1.000000000
0.017210881 6.159800559 2.000000000
3.050484233 11.563484558 1.000000000
3.495440006 11.828070540 1.000000000
-3.312082790 14.771859586 1.000000000
11.751965060 11.729579356 2.000000000
-0.926836781 8.446385997 2.000000000
-0.585828896 1.379580526 1.000000000
13.824019130 12.804372072 2.000000000
0.285598334 1.009198134 1.000000000
-0.792295961 0.006419802 1.000000000
-0.614774492 11.030906455 2.000000000
1.695457087 6.742382542 2.000000000
-0.530861623 6.631635935 2.000000000
-0.859184538 1.921388819 1.000000000
-1.148362575 5.393063093 2.000000000
-0.438519283 9.101859412 2.000000000
-1.245715532 -0.371819635 1.000000000
14.281733795 11.633746517 2.000000000
9.602019009 14.645923219 2.000000000
1.391793504 -0.532076064 1.000000000
11.280950011 11.505139870 2.000000000
0.180160277 8.606914734 2.000000000
0.657652289 0.736706578 1.000000000
-0.180379188 -0.409722019 1.000000000
12.766027330 11.610202803 2.000000000
-1.813675765 12.312380565 1.000000000
12.324233061 12.925876139 2.000000000
8.991323558 11.633782738 2.000000000
1.007916446 -0.412320355 1.000000000
1.539991196 13.585560386 1.000000000
12.576902528 13.529808537 2.000000000
-0.778334456 11.807861133 1.000000000
0.032123797 3.891331663 2.000000000
0.013495486 8.667888406 2.000000000
9.741959069 11.178917366 2.000000000
0.381771196 -1.618990227 1.000000000
-1.848060975 -0.275153141 1.000000000
1.443009748 5.683198531 2.000000000
-0.597041410 5.430220169 2.000000000
-0.273076066 6.299698826 2.000000000
1.698108457 11.018105333 1.000000000
3.704109643 11.901769272 1.000000000
-1.360769495 5.630762740 2.000000000
0.222631431 0.207799017 1.000000000
0.449571711 -0.072332450 1.000000000
2.896717486 11.599108994 1.000000000
0.779661271 6.951569654 2.000000000
9.266065707 11.558165212 2.000000000
-1.685552791 9.510989099 2.000000000
0.702622127 1.686135859 1.000000000
0.384694756 11.615282401 1.000000000
0.131336921 3.987013354 2.000000000
-0.099074691 0.235623678 1.000000000
-1.993251556 12.026658943 1.000000000
-5.391181525 11.862412615 1.000000000
-0.565548127 0.456685187 1.000000000
2.538400221 11.509827539 1.000000000
-0.999886526 7.610846942 2.000000000
0.729602426 -1.128043416 1.000000000
-0.023426793 11.855960254 1.000000000
-0.356444277 9.270894747 2.000000000
2.185428855 1.227708384 1.000000000
0.583136270 -0.556281746 1.000000000
0.830243904 3.538303145 2.000000000
9.477268862 12.258009388 2.000000000
0.587050369 0.852353546 1.000000000
-0.743014575 0.567118470 1.000000000
0.464383764 5.851715980 2.000000000
-0.429993421 0.665294165 1.000000000
1.022210512 4.773844315 2.000000000
-1.607546942 6.524203652 2.000000000
0.506282967 5.535411532 2.000000000
-0.234017904 5.943613430 2.000000000
-0.516103685 12.081516632 1.000000000
-0.509461751 11.038019584 1.000000000
1.933703747 12.630276394 1.000000000
12.785825869 11.204016012 2.000000000
-0.391761218 11.602161978 1.000000000
2.555556106 11.157486745 1.000000000
11.286668521 12.593150648 2.000000000
-0.645857996 11.699795594 1.000000000
1.996839725 11.925803108 1.000000000
15.300484375 11.216901860 2.000000000
-1.338492782 7.284370932 2.000000000
0.749511130 0.203855767 1.000000000
10.555240408 11.842291006 2.000000000
-1.745385147 10.933389993 1.000000000
0.697866633 0.137589999 1.000000000
12.952731973 11.688567765 2.000000000
-0.221872048 2.302955102 2.000000000
3.343550197 11.976720184 1.000000000
-0.421000348 9.117765799 2.000000000
12.693469131 11.590388381 2.000000000
0.023042302 -1.749840096 1.000000000
-0.383592044 1.355074708 1.000000000
-0.531725344 -0.578311612 1.000000000
12.860057388 12.812171889 2.000000000
0.728003036 -0.803856793 1.000000000
-0.275572112 8.046739556 2.000000000
-0.515100703 4.539351048 2.000000000
2.321889991 8.187507328 2.000000000
0.634586414 -1.650089390 1.000000000
1.072684223 3.327321941 2.000000000
-0.079462367 7.182546753 2.000000000
-0.620371224 6.060581184 2.000000000
2.002306126 -0.731183579 1.000000000
1.733051750 11.754232416 1.000000000
-1.656151539 12.627669870 1.000000000
0.639190913 6.329951019 2.000000000
-0.359220715 -0.010801659 1.000000000
-0.987304117 7.882517303 2.000000000
11.372274410 11.101289432 2.000000000
0.029722270 1.096896669 1.000000000
11.381805369 11.919054852 2.000000000
0.472821798 6.177833933 2.000000000
-1.257861922 11.084829804 1.000000000
-0.998549150 6.144055289 2.000000000
-1.760541725 12.154857268 1.000000000
8.525586571 14.691032014 2.000000000
2.782976579 13.254321142 1.000000000
12.971408612 13.119658658 2.000000000
-0.979679346 -1.494297189 1.000000000
1.040991015 11.525126792 1.000000000
1.855357908 12.802125229 1.000000000
0.058905818 6.976655021 2.000000000
3.227089689 10.943437503 1.000000000
-3.035051697 11.793387808 1.000000000
1.317926027 0.312225594 1.000000000
0.441163975 3.464384158 2.000000000
-0.697933885 10.948920326 1.000000000
-3.188559222 12.180392147 1.000000000
13.190594634 13.772477485 2.000000000
-2.602501816 12.152687494 1.000000000
-0.635949461 -0.782633164 1.000000000
-0.757507407 7.430687681 2.000000000
-0.445370746 6.606525100 2.000000000
1.690902596 11.577537896 1.000000000
8.428387554 13.178825520 2.000000000
-2.591553541 9.579733505 1.000000000
0.952963985 4.389252651 2.000000000
1.006705148 12.732603089 1.000000000
-1.757436660 1.029026380 1.000000000
13.412224735 14.109500761 2.000000000
1.207166094 1.505584951 1.000000000
-3.673688490 12.278788975 1.000000000
11.483847375 11.340552831 2.000000000
10.588226286 11.236289879 2.000000000
-0.128566179 -1.635826170 1.000000000
-0.106563618 3.988717785 2.000000000
9.161235670 11.181603947 2.000000000
1.819922705 13.137865696 1.000000000
12.273909106 11.264866604 2.000000000
0.958318735 -1.032473607 1.000000000
-1.027603159 -0.772720346 1.000000000
0.738668638 2.273377307 1.000000000
12.040161284 11.215422017 2.000000000
-0.593558379 0.091612802 1.000000000
2.021193834 3.832534473 2.000000000
-0.195069068 0.006836366 1.000000000
0.222708269 7.013263000 2.000000000
-0.917934115 9.235005895 2.000000000
1.578731659 0.506267937 1.000000000
-0.359199999 6.152922590 2.000000000
1.108447822 -2.353676607 1.000000000
-0.952287867 11.837861890 1.000000000
13.060612318 9.740450199 2.000000000
0.897393687 11.569908043 1.000000000
-2.791120015 0.345770126 1.000000000
13.613097893 11.923770470 2.000000000
1.263119679 3.611094013 2.000000000
0.304025315 8.102129429 2.000000000
-0.436572369 0.528540506 1.000000000
10.069773883 11.482969327 2.000000000
15.094339082 13.409421145 2.000000000
0.750126006 7.251148634 2.000000000
0.118386298 -1.256754798 1.000000000
0.918854459 12.324814073 1.000000000
12.549497462 12.273709556 2.000000000
11.679768296 10.715167840 2.000000000
12.842088833 14.590955526 2.000000000
14.658221822 11.820843334 2.000000000
-3.865154520 12.122775510 1.000000000
0.176128804 4.029652609 2.000000000
-0.566791889 6.680219711 2.000000000
-1.733844695 13.072866462 1.000000000
1.401678953 -0.216040569 1.000000000
14.415367902 12.060357411 2.000000000
0.696198351 12.847715193 1.000000000
1.856161993 4.301894738 2.000000000
0.379676214 0.670983789 1.000000000
0.090191457 10.975248649 2.000000000
-2.938426563 12.527675822 1.000000000
-0.044130423 7.038418660 2.000000000
-0.626750899 0.481847269 1.000000000
14.165487430 10.545519515 2.000000000
0.669560413 8.790091515 2.000000000
0.977993690 -0.253327730 1.000000000
14.838802103 11.171238705 2.000000000
-1.895336315 12.431751099 1.000000000
12.764537765 11.992104141 2.000000000
-1.050417084 6.125963662 2.000000000
11.112210999 11.734350741 2.000000000
0.571687162 -1.961947871 1.000000000
-0.195202904 1.464334687 1.000000000
0.968930878 12.570918164 1.000000000
0.990864839 4.742541502 2.000000000
10.598945713 11.897049755 2.000000000
1.401359010 11.150235013 1.000000000
-0.521489750 -1.838083745 1.000000000
-0.284063804 3.754267317 2.000000000
8.892860767 12.609253836 2.000000000
9.866977988 13.146058191 2.000000000
13.184772268 11.235672672 2.000000000
-1.365220247 -1.199357236 1.000000000
13.474423343 12.102164409 2.000000000
0.011267123 12.569715119 1.000000000
-0.049171842 5.050370577 2.000000000
-0.739577698 1.274321998 1.000000000
-1.429951316 0.265388810 1.000000000
1.165553005 1.028667161 1.000000000
-0.746182747 4.355945253 2.000000000
5.985315924 11.600320560 2.000000000
-0.160725171 10.721986913 1.000000000
2.231080732 0.356308425 1.000000000
13.699791743 12.154272365 2.000000000
-1.032213848 7.584362374 2.000000000
11.985193172 12.893054784 2.000000000
0.437012456 -0.782006175 1.000000000
0.831831531 0.807720849 1.000000000
15.293420895 13.112913306 2.000000000
-0.656071892 -0.638404635 1.000000000
-0.307441930 7.866523565 2.000000000
0.946064096 9.579580117 2.000000000
13.400586299 11.236133778 2.000000000
0.401202934 10.035679106 1.000000000
8.770088196 12.088566359 2.000000000
1.477883893 1.858111768 1.000000000
-0.081872109 5.089013327 2.000000000
1.694318305 -0.494827888 1.000000000
0.606604094 -0.229295585 1.000000000
1.424633794 -2.152943363 1.000000000
-0.170626169 4.419094498 2.000000000
12.667480418 13.148154190 2.000000000
9.262185504 12.046122515 2.000000000
2.246588009 -0.258462284 1.000000000
12.975260044 12.757966732 2.000000000
0.635970994 -0.161041560 1.000000000
-1.847696119 -0.666400257 1.000000000
-0.300574063 5.227260980 2.000000000
0.793203152 11.940844434 1.000000000
-1.204532830 2.908220017 2.000000000
10.424079022 10.393631800 2.000000000
12.946862216 12.611049744 2.000000000
1.502346607 -1.145204302 1.000000000
-1.528007156 -1.686575676 1.000000000
0.574786153 12.329489808 1.000000000
-0.199119739 -1.395351777 1.000000000
0.751622001 2.696976874 2.000000000
9.476433503 11.570058027 2.000000000
3.490631987 12.114268474 1.000000000
2.028888100 0.298682996 1.000000000
-0.801255028 13.443653133 1.000000000
12.467026694 12.290431869 2.000000000
3.087183968 11.702310313 1.000000000
0.820908667 6.623703061 2.000000000
0.268443783 0.094914826 1.000000000
12.606770200 13.913207723 2.000000000
-0.960288627 7.600772545 2.000000000
0.156873956 -0.416338037 1.000000000
12.296568440 11.346287828 2.000000000
2.433699250 11.912546332 1.000000000
10.238218579 12.607591775 2.000000000
2.627851741 11.007174255 1.000000000
10.932813983 13.494111306 2.000000000
-2.626840896 10.919166976 1.000000000
0.783822796 0.557761853 1.000000000
-0.655524302 7.048623449 2.000000000
0.455153243 1.338116169 1.000000000
1.923775438 11.307414376 1.000000000
11.525041636 11.949690769 2.000000000
-0.097384998 6.482011745 2.000000000
9.194839140 12.813258282 2.000000000
4.437231199 12.496342310 1.000000000
0.163325096 -0.380299946 1.000000000
-1.286704862 7.085501925 2.000000000
-0.676619125 12.835013640 1.000000000
0.203475001 -0.416732352 1.000000000
12.364391203 13.335949028 2.000000000
-1.466745778 1.986542829 2.000000000
-5.358005095 12.514928825 1.000000000
2.291480383 10.449978683 1.000000000
1.675438160 10.247200503 1.000000000
-0.495429666 10.806952619 1.000000000
-1.315880762 7.059542943 2.000000000
-0.906012692 4.725002550 2.000000000
1.046724701 -0.587859487 1.000000000
1.254821166 -0.275512287 1.000000000
0.658364023 0.487884626 1.000000000
1.110307023 3.218716524 2.000000000
14.034456893 12.206077563 2.000000000
3.538294595 10.037741181 1.000000000
-1.190465618 11.631186460 1.000000000
13.722493884 12.211854062 2.000000000
1.404834410 1.815168254 1.000000000
-1.589023386 0.705860861 1.000000000
3.151951312 10.699929395 1.000000000
-0.031839928 3.797848356 2.000000000
-0.052953420 13.596955174 1.000000000
14.511893124 12.718130896 2.000000000
-2.716467019 11.650488972 1.000000000
-0.046317353 7.669445668 2.000000000
-3.176666316 13.392081478 1.000000000
-2.095592498 11.705284522 1.000000000
1.596567448 -0.536735677 1.000000000
0.581500240 5.351009366 2.000000000
-0.212401913 11.259716155 1.000000000
2.451876709 10.827300057 1.000000000
0.108315719 13.086669354 1.000000000
12.352878726 11.019656643 2.000000000
-1.157508973 0.225933530 1.000000000
1.257113930 5.156398143 2.000000000
10.541244665 12.287057470 2.000000000
12.250796390 9.963333198 2.000000000
-2.974748257 12.441009388 1.000000000
0.699359723 13.153169924 1.000000000
-0.425937252 10.475710370 1.000000000
4.193881784 13.315506394 1.000000000
-0.406008131 -0.471869130 1.000000000
0.224886078 -1.572022473 1.000000000
1.606836326 10.534661653 1.000000000
-0.641022184 -2.285094228 1.000000000
-0.907023556 11.813270036 1.000000000
13.580894555 15.018776387 2.000000000
-4.382646919 12.995284972 1.000000000
-1.680042902 5.587658085 2.000000000
0.995426615 11.338905494 1.000000000
-0.002664863 11.561954953 1.000000000
0.705080253 1.569772238 1.000000000
0.937341281 5.844011415 2.000000000
0.283183853 1.004018705 1.000000000
12.100067750 11.403111804 2.000000000
1.075597673 11.266016717 1.000000000
-3.617576008 11.782867920 1.000000000
0.316339450 11.654752193 1.000000000
-0.281116699 1.029130815 1.000000000
-0.206093992 -0.463208765 1.000000000
-0.777202702 -0.181464965 1.000000000
10.290828136 10.820191138 2.000000000
-0.782775421 5.910390026 2.000000000
0.262535879 1.239921498 1.000000000
-0.559188451 0.350822626 1.000000000
12.898865932 11.332250222 2.000000000
7.545745608 13.486483544 2.000000000
1.677951474 13.647245129 1.000000000
1.516102977 9.617547045 2.000000000
-0.761493040 -0.080484443 1.000000000
-0.014246725 5.023519056 2.000000000
-2.474927326 11.326498269 1.000000000
14.214382882 11.977382285 2.000000000
-1.196102722 10.916691278 1.000000000
-1.905276100 7.333288600 2.000000000
0.460819438 -0.053673938 1.000000000
11.712180054 12.497041889 2.000000000
0.359185709 4.758878683 2.000000000
0.657480758 0.603195310 1.000000000
4.072631449 10.272817984 1.000000000
12.549563391 13.671293259 2.000000000
0.628662270 4.809234935 2.000000000
-0.956399909 11.063820073 1.000000000
-1.691451573 -0.249585322 1.000000000
-3.623387973 10.376735721 1.000000000
2.872106126 0.151200963 1.000000000
-0.290837539 7.054337446 2.000000000
11.967149888 11.120872143 2.000000000
-3.946829200 12.232217454 1.000000000
-1.031511269 10.414683366 1.000000000
1.699921710 -0.047812097 1.000000000
12.572273419 10.045253405 2.000000000
2.675622416 10.939404845 1.000000000
0.198628579 4.044803449 2.000000000
8.836865201 11.780103327 2.000000000
12.640186903 13.291838232 2.000000000
2.295628760 1.365683498 1.000000000
-0.527051600 5.370097983 2.000000000
8.995554405 13.495527482 2.000000000
13.157117408 13.378171811 2.000000000
1.133438983 -0.845153877 1.000000000
8.798736800 13.590526528 2.000000000
-0.126842179 0.910249758 1.000000000
-1.399552441 3.063572644 2.000000000
0.957312607 11.442714095 1.000000000
-1.452653876 10.757833130 1.000000000
0.939742070 -0.627368682 1.000000000
-0.470574474 5.278347471 2.000000000
0.301823104 0.015546739 1.000000000
1.066619204 0.686581904 1.000000000
-1.523539043 12.383833295 1.000000000
0.399002147 13.466529314 1.000000000
-0.417272905 3.635810345 2.000000000
-1.200888322 0.881928012 1.000000000
-1.370842837 -0.316692818 1.000000000
2.314025362 -1.383216250 1.000000000
10.245918776 11.027297238 2.000000000
1.576650611 11.823750963 1.000000000
0.440982297 7.212469272 2.000000000
0.423752530 0.082303570 1.000000000
14.042368241 12.995347842 2.000000000
-0.443943616 8.795047494 2.000000000
-0.349867275 0.416152093 1.000000000
0.778703231 6.371749447 2.000000000
8.777021146 14.634070458 2.000000000
-1.385859148 6.677734368 2.000000000
14.727270571 13.077756471 2.000000000
12.914933147 10.803694981 2.000000000
0.651861161 9.501132941 2.000000000
11.030895490 12.324788755 2.000000000
0.510247644 4.674008641 2.000000000
11.847430290 11.627127923 2.000000000
-1.450426145 3.998056587 2.000000000
9.046596688 10.767808719 2.000000000
0.925542352 0.305987388 1.000000000
-0.265457570 7.734406952 2.000000000
0.077204655 6.260447055 2.000000000
-2.280375436 10.636137513 1.000000000
-1.150583573 7.128209931 2.000000000
-0.474689647 12.979721216 1.000000000
-0.164638127 0.792658297 1.000000000
0.544003655 -0.083787354 1.000000000
13.267397839 11.170403482 2.000000000
-0.834138631 4.804424215 2.000000000
-0.722014125 12.496126267 1.000000000
7.490526293 13.373259530 2.000000000
1.587788085 0.948501065 1.000000000
-0.676604391 5.915751578 2.000000000
1.394660484 6.972685625 2.000000000
0.461751909 8.450980832 2.000000000
-1.472025804 13.185455216 1.000000000
0.954909055 -0.807689338 1.000000000
8.418317724 11.514608755 2.000000000
-1.723162965 0.401303419 1.000000000
-1.641432823 12.260969198 1.000000000
-0.749300286 4.896524491 2.000000000
-0.894140492 7.650781317 2.000000000
2.104881784 12.804283956 1.000000000
-2.578612583 11.860697830 1.000000000
-0.317291970 0.436430317 1.000000000
15.427980685 11.229071786 2.000000000
2.475649726 13.503910238 1.000000000
9.648639552 11.827335350 2.000000000
1.347303347 3.515297032 2.000000000
-0.294659063 4.772777128 2.000000000
-2.218287863 11.752914880 1.000000000
1.662653731 10.977778151 1.000000000
-1.368036483 -0.301633558 1.000000000
0.062904510 0.732701408 1.000000000
9.767260285 11.284197728 2.000000000
1.500762431 12.588584045 1.000000000
0.123950921 7.200222726 2.000000000
0.595711514 -1.428857519 1.000000000
8.466173829 12.012234108 2.000000000
12.791243447 10.774811466 2.000000000
-0.469315655 -0.336010832 1.000000000
9.420497684 10.552667680 2.000000000
1.075945145 1.554490906 2.000000000
-1.907924003 -0.252912682 1.000000000
-1.002460811 0.168886700 1.000000000
0.891908874 8.451293422 2.000000000
12.358712073 11.594771628 2.000000000
0.154273921 7.867340086 2.000000000
0.785046108 0.637847754 1.000000000
0.510735757 14.344950442 1.000000000
11.186706317 12.676721236 2.000000000
-2.327008148 -0.005504508 1.000000000
-1.318081143 0.640646524 1.000000000
1.062585591 7.881021160 2.000000000
15.329363903 11.470967772 2.000000000
0.011821099 0.499407025 1.000000000
1.141898024 6.687585333 2.000000000
0.592770299 5.045233782 2.000000000
0.431177895 7.081358032 2.000000000
0.322559746 3.155452842 2.000000000
-2.477450307 12.885439769 1.000000000
0.148565091 8.778074204 2.000000000
-0.816328667 4.861959259 2.000000000
0.341558277 1.041152390 1.000000000
-0.974447345 1.344934336 1.000000000
6.190931385 12.888664970 2.000000000
10.995360493 11.967859725 2.000000000
12.188670686 12.174919758 2.000000000
1.599820884 12.097963508 1.000000000
-1.175396729 1.073993299 1.000000000
0.696860261 12.805628337 1.000000000
-0.988220383 12.270836209 1.000000000
0.660575586 -0.152543348 1.000000000
13.542292640 13.346543084 2.000000000
11.905786901 12.204938046 2.000000000
-0.979266940 0.379835849 1.000000000
13.373356608 12.759192617 2.000000000
0.029463651 11.639570091 1.000000000
1.124141917 12.731628364 1.000000000
-1.007261458 8.266211622 2.000000000
-0.850820452 0.076021392 1.000000000
10.645123629 11.705870723 2.000000000
1.755191373 12.240102626 1.000000000
17.503999800 10.462617141 2.000000000
0.763083313 -0.011119511 1.000000000
-0.093540008 -0.943766071 1.000000000
-0.359155440 -0.040978129 1.000000000
-0.328739566 -2.179973585 1.000000000
10.833142864 9.730130484 2.000000000
-0.355846397 -0.065598415 1.000000000
-0.701794781 -0.736508215 1.000000000
-0.003132130 -2.014761669 1.000000000
0.044462164 -0.214013170 1.000000000
0.469654976 9.614429963 2.000000000
12.227282881 12.654676437 2.000000000
11.901210571 13.510831130 2.000000000
-0.873093017 4.955835198 2.000000000
6.691461397 12.041680671 2.000000000
14.480389421 11.786095859 2.000000000
16.332987817 12.480032669 2.000000000
0.435156103 8.716625118 2.000000000
0.274156033 1.597224349 2.000000000
2.080810893 12.288947333 1.000000000
-2.348281859 4.856008338 2.000000000
0.639240619 2.842030125 2.000000000
1.384136863 11.062567334 1.000000000
10.547656403 10.923373122 2.000000000
-2.401242696 11.229850857 1.000000000
10.026067317 12.837471735 2.000000000
0.387672857 2.075267502 2.000000000
-1.123199173 0.572808699 1.000000000
-2.574018500 -0.926814431 1.000000000
-0.925596232 7.268907791 2.000000000
0.933515851 6.648595355 2.000000000
-0.452431419 0.296046654 1.000000000
13.442055357 11.923236771 2.000000000
11.775372188 10.752389346 2.000000000
13.476894309 12.505433486 2.000000000
-0.205971783 4.753662785 2.000000000
13.708099006 11.611310474 2.000000000
12.386897722 12.787481743 2.000000000
0.508790271 7.253402750 2.000000000
-1.167073623 -0.520822959 1.000000000
10.528756122 12.165940268 2.000000000
-1.236313462 12.314624147 1.000000000
8.826544172 11.353658197 2.000000000
1.047174284 5.117133007 2.000000000
-1.059211144 12.782326756 1.000000000
0.163048910 -0.835892682 1.000000000
1.004969136 -0.143317124 1.000000000
12.283906337 12.995378789 2.000000000
10.189269801 10.775222362 2.000000000
-1.437713854 -1.040160262 1.000000000
-0.739463191 6.605421172 2.000000000
-1.129748220 10.788769100 1.000000000
11.829687818 13.684306049 2.000000000
3.061355126 0.247197034 1.000000000
12.620509507 12.885604563 2.000000000
0.658867585 10.201572897 1.000000000
-0.778688694 5.829152006 2.000000000
-1.557956478 -0.712180564 1.000000000
1.549011940 7.316898034 2.000000000
1.386231512 9.575781661 1.000000000
10.446179169 11.245493584 2.000000000
0.640337432 5.712463296 2.000000000
1.297631921 6.102450457 2.000000000
2.136611644 14.486532411 1.000000000
1.199805636 11.261625178 1.000000000
-0.908759761 13.881204184 1.000000000
10.388501019 10.966102744 2.000000000
2.471638644 1.297876831 1.000000000
-0.893780793 12.290645606 1.000000000
0.004742772 2.919557721 2.000000000
-0.933807295 2.390921077 1.000000000
-1.376950507 11.442753188 1.000000000
10.144577378 13.367307000 2.000000000
-0.584501491 10.635497391 1.000000000
0.845072541 4.519330816 2.000000000
-2.057833822 0.529389508 1.000000000
0.224725490 0.159352230 1.000000000
10.760537788 12.086079170 2.000000000
-0.509585534 1.921669203 1.000000000
0.420950870 6.269034674 2.000000000
-0.751126962 5.229141902 2.000000000
-0.507955137 12.611754373 1.000000000
-2.511052227 0.294406038 1.000000000
-1.236069885 12.810931870 1.000000000
-0.885054990 5.821644022 2.000000000
11.035352548 11.512629911 2.000000000
-0.768464707 -0.215935633 1.000000000
0.893113201 3.103469135 2.000000000
-1.745386619 12.834786302 1.000000000
0.425333667 0.098398165 1.000000000
-3.915859088 12.690470802 1.000000000
1.519628864 5.639991909 2.000000000
12.462584259 11.520189126 2.000000000
1.102190136 4.068630099 2.000000000
11.293993624 14.691216329 2.000000000
-1.788447536 11.138084086 1.000000000
11.632786441 10.960740452 2.000000000
-0.467291664 3.403282839 2.000000000
13.144444682 12.597042176 2.000000000
-0.029794683 2.983765278 2.000000000
1.688651222 11.177316495 1.000000000
2.122112208 14.641207838 1.000000000
-0.071981162 3.907519828 2.000000000
-0.962986445 0.726324537 1.000000000
-2.040490900 4.751841304 2.000000000
-1.024607875 12.919658733 1.000000000
-2.956742981 12.344859560 1.000000000
-1.714078652 0.764051596 1.000000000
12.097270305 13.619669923 2.000000000
13.898891354 11.521584798 2.000000000
11.722122500 11.992077737 2.000000000
-0.908240210 0.310069171 1.000000000
10.656066694 13.154445066 2.000000000
1.323262481 5.134714598 2.000000000
11.948736068 12.897607193 2.000000000
14.330001433 9.557873293 2.000000000
-0.651624637 0.133948047 1.000000000
11.107813163 13.644478854 2.000000000
9.850592786 11.976214726 2.000000000
-0.266643640 -1.326258131 1.000000000
11.207485425 11.005863123 2.000000000
-0.842786462 11.290263900 1.000000000
1.389015947 10.983796109 1.000000000
13.473509433 12.734554948 2.000000000
-0.239913742 -2.243005604 1.000000000
15.455868102 10.828510220 2.000000000
0.096192343 5.855949577 2.000000000
-2.054929257 11.894822705 1.000000000
-2.082276997 3.467954978 2.000000000
-0.256895029 10.558071980 1.000000000
-0.562985051 12.467923639 1.000000000
7.224894696 10.264404026 2.000000000
15.397119775 12.501753639 2.000000000
0.204119183 5.307414244 2.000000000
-1.508997203 6.983010627 2.000000000
11.930138751 12.751125340 2.000000000
-0.900626529 -0.136506732 1.000000000
13.824865481 12.759247525 2.000000000
-0.949808352 6.241275844 2.000000000
-4.875584350 12.994550805 1.000000000
-0.904706970 10.030837443 1.000000000
1.080093137 10.911490183 1.000000000
-0.128766093 12.342103353 1.000000000
-1.251471395 7.876389941 2.000000000
11.744473875 11.598896731 2.000000000
3.257297058 13.159208973 1.000000000
1.124397317 6.844734073 2.000000000
0.753690940 -2.237797990 1.000000000
0.526839415 12.441905602 1.000000000
-0.872877744 11.499034549 1.000000000
1.473923572 5.063314385 2.000000000
-0.058687922 13.336621250 1.000000000
-0.198231924 4.985741943 2.000000000
-3.331762856 5.511086385 2.000000000
0.908492546 12.259157351 1.000000000
2.518318532 10.766050687 1.000000000
2.213808102 0.507166384 1.000000000
-3.112134652 10.908480195 1.000000000
2.831278537 11.935548102 1.000000000
-0.822468689 12.642666424 1.000000000
11.138373813 11.389586582 2.000000000
1.336659807 11.107528286 1.000000000
0.536953663 -0.021939854 1.000000000
-1.315231798 12.128145704 1.000000000
11.768077886 10.961075760 2.000000000
0.410752480 -0.680775487 1.000000000
0.903193268 7.796520398 2.000000000
10.755159205 10.875402975 2.000000000
-0.546094225 1.175645198 1.000000000
0.904430289 -0.523776590 1.000000000
10.615155877 12.140057907 2.000000000
0.447651640 3.674875192 2.000000000
13.228427372 12.685589351 2.000000000
1.373410077 0.079517164 1.000000000
1.165695217 13.891626458 1.000000000
11.605152984 12.831984771 2.000000000
0.643349917 -1.410099004 1.000000000
-0.509344981 9.201305955 2.000000000
-0.293260272 8.674733178 2.000000000
-3.259273363 9.678934545 1.000000000
-1.042721380 11.277623279 1.000000000
3.711194397 13.917193442 1.000000000
0.497225054 7.123239884 2.000000000
2.131319912 1.306824803 1.000000000
14.472433864 11.073255307 2.000000000
3.252401853 13.759446856 1.000000000
