0.399922443 1.055724902 1.000000000
12.038204393 12.754065106 4.000000000
1.229062800 0.407560934 1.000000000
-2.234868595 0.331160875 1.000000000
-0.510979193 5.542411252 2.000000000
4.418698807 14.504124911 3.000000000
2.027588579 12.279525645 3.000000000
1.344107126 -0.085071105 1.000000000
-2.133076622 6.662058042 2.000000000
9.391366961 12.374294293 4.000000000
-0.104523548 0.415756010 1.000000000
-1.715040422 3.693257062 2.000000000
0.004483899 0.226436955 1.000000000
9.189749412 10.621924961 4.000000000
0.466417610 -0.759224021 1.000000000
0.949789160 4.714405340 2.000000000
0.615004544 0.207474439 1.000000000
1.540874523 -0.229981418 1.000000000
1.077348674 6.667343394 2.000000000
11.133530075 11.999454687 4.000000000
0.913438019 1.562345009 1.000000000
-2.457841859 12.152621727 3.000000000
-0.544930930 1.607695116 1.000000000
0.233288482 7.898144752 2.000000000
10.431809165 13.035075705 4.000000000
0.025144221 4.705395449 2.000000000
-0.163521581 12.715015842 3.000000000
-0.500957907 4.578644596 2.000000000
-2.272304299 11.772988184 3.000000000
0.114977165 12.300456660 3.000000000
-1.108634340 11.925957077 3.000000000
0.243307076 12.920790259 3.000000000
0.019461123 12.771696280 3.000000000
14.045674773 11.764732649 4.000000000
0.926419398 13.805850517 3.000000000
-1.162599389 2.388292666 2.000000000
-0.650974768 0.034062199 1.000000000
0.773009598 7.153614549 2.000000000
2.828806146 13.929573350 3.000000000
-0.270269011 1.914960210 2.000000000
-0.424341954 11.551496589 3.000000000
0.424509989 2.007735901 2.000000000
0.648755424 4.161403631 2.000000000
-1.977645867 8.951698676 2.000000000
-0.815148691 -0.185755123 1.000000000
-1.673361407 13.070554773 3.000000000
1.298007902 -1.188254768 1.000000000
-0.512573071 7.370497334 2.000000000
1.725420524 12.780182385 3.000000000
12.540177213 12.663114305 4.000000000
0.945804617 -1.604840405 1.000000000
-1.672212776 12.608344701 3.000000000
-2.580712222 12.933492301 3.000000000
0.038702989 11.599547545 3.000000000
-3.051728745 11.823666205 3.000000000
0.622957018 12.518100079 3.000000000
-1.086135954 12.105746354 3.000000000
-0.988840985 0.587622042 1.000000000
0.655141091 0.186118251 1.000000000
-0.375113951 4.707997600 2.000000000
-0.518806871 8.692084519 2.000000000
-0.549396881 5.943574935 2.000000000
12.328193844 11.706672184 4.000000000
0.622856699 -0.452883040 1.000000000
10.769572479 12.412498118 4.000000000
1.689444187 8.759040336 2.000000000
0.516392554 1.638546996 1.000000000
-1.233365461 10.513080911 3.000000000
-3.908984838 11.098112519 3.000000000
9.911820267 11.397713051 4.000000000
11.172036256 12.986736580 4.000000000
12.472046385 11.516329996 4.000000000
-0.317722765 0.139300254 1.000000000
0.319769327 -0.161949704 1.000000000
0.356199483 1.257327789 1.000000000
-0.616026122 5.276921030 2.000000000
0.535190297 5.888277544 2.000000000
-0.723683269 4.746805199 2.000000000
0.629965254 -1.215653994 1.000000000
-1.380819426 3.409893150 2.000000000
0.653974151 0.964126560 1.000000000
-0.020949615 7.217415426 2.000000000
-0.664670328 4.108943709 2.000000000
-0.168619213 -2.012675511 1.000000000
-0.704766517 0.753093726 2.000000000
10.034088010 12.568625212 4.000000000
-1.314242388 13.566164533 3.000000000
14.774231121 11.810115521 4.000000000
1.202965314 1.744466602 1.000000000
-0.840246920 5.268304742 2.000000000
-0.039675798 1.326207845 1.000000000
1.519369943 13.128752335 3.000000000
10.949296231 11.678361618 4.000000000
-0.830426301 2.071071875 1.000000000
-0.103356250 -0.287166051 1.000000000
0.188891220 1.915139808 2.000000000
-1.068174110 3.332518819 2.000000000
1.472635988 8.830731499 2.000000000
0.409368936 2.191356472 2.000000000
-3.007086150 11.992641953 3.000000000
0.687921282 8.265123563 2.000000000
1.475621109 1.141914736 1.000000000
16.504886880 11.207558817 4.000000000
-0.129562627 12.651457239 3.000000000
10.020782916 10.497329241 4.000000000
8.733819685 11.967912059 4.000000000
12.404045665 12.682041897 4.000000000
9.868127972 11.870727416 4.000000000
-1.355870318 5.095432363 2.000000000
14.833348503 12.398691318 4.000000000
-0.347963759 12.013518149 3.000000000
1.989386931 9.972308072 3.000000000
12.605174581 10.446078669 4.000000000
0.119513238 -0.576964952 1.000000000
11.491644258 11.700781107 4.000000000
-2.090287913 0.868109488 1.000000000
0.018137663 13.878920474 3.000000000
0.688327227 12.069284499 3.000000000
9.458510314 10.765343626 4.000000000
3.487511620 11.225062857 3.000000000
-0.389596201 8.605828574 2.000000000
1.386847671 4.770475555 2.000000000
-3.180588539 11.794121256 3.000000000
12.683280898 12.287024976 4.000000000
0.903202779 11.502890755 3.000000000
1.361957163 3.602027811 2.000000000
9.156001988 12.245886933 4.000000000
9.742229758 11.859513015 4.000000000
11.610988862 12.802531032 4.000000000
12.565840711 10.236097596 4.000000000
0.755712928 6.243130648 2.000000000
-0.055978316 11.483574276 3.000000000
1.846013445 12.694375002 3.000000000
14.560128442 12.638304646 4.000000000
12.521405048 13.530438647 4.000000000
0.220696577 10.588654504 3.000000000
1.045549116 4.883486733 2.000000000
-1.337704611 15.102658676 3.000000000
0.014328089 2.268132040 1.000000000
1.127031765 1.047357822 1.000000000
-1.797973182 0.019969702 1.000000000
1.168858805 12.573446504 3.000000000
0.519178326 -0.248886364 1.000000000
-2.178288481 11.890053878 3.000000000
0.934208476 6.123331182 2.000000000
8.754062132 11.222550761 4.000000000
0.149800447 6.350241102 2.000000000
-0.774576799 5.128441249 2.000000000
-0.540678177 7.634143840 2.000000000
-0.249945149 -1.075840798 1.000000000
0.480599768 5.768290139 2.000000000
-2.876848357 12.977468335 3.000000000
-0.197654333 12.270965373 3.000000000
1.072707620 0.331627332 1.000000000
1.545736565 12.315411651 3.000000000
0.985820293 10.333298374 3.000000000
1.627453663 -0.445591460 1.000000000
8.614026842 11.816487138 4.000000000
15.435010841 12.030660214 4.000000000
-1.687077684 3.962604078 2.000000000
1.220330838 6.262690799 2.000000000
0.082797961 11.832089775 3.000000000
0.739377223 11.466051605 3.000000000
-0.509653858 5.679896858 2.000000000
-0.542068108 -0.282417559 1.000000000
11.690358759 11.949754671 4.000000000
-1.607218440 -0.385904977 1.000000000
-1.103030176 11.668909202 3.000000000
-0.146952826 -0.645753330 1.000000000
0.269444204 4.135994813 2.000000000
12.566245131 11.042831727 4.000000000
0.674846686 12.185644237 3.000000000
-3.593870136 12.427416176 3.000000000
-1.025276816 0.256851706 1.000000000
0.235672923 5.768510455 2.000000000
14.806733690 11.759248558 4.000000000
10.918847129 11.706646651 4.000000000
1.660560244 1.023074597 1.000000000
-0.193321885 -0.609038408 1.000000000
0.737342905 6.529014812 2.000000000
0.062258727 6.662966441 2.000000000
0.902708533 0.317304487 1.000000000
-2.843223696 -0.540362619 1.000000000
0.347711811 11.646026163 3.000000000
1.923403916 11.166581601 2.000000000
1.097645695 11.947905275 3.000000000
-0.699977620 0.822546699 1.000000000
1.433371226 2.340184820 2.000000000
0.625416982 1.573714840 1.000000000
-2.613085535 9.917087631 3.000000000
11.557920090 13.419793916 4.000000000
8.649400167 10.155286960 4.000000000
0.056769024 7.927491749 2.000000000
14.491362368 11.710471875 4.000000000
10.831731269 10.952666553 4.000000000
-0.887322324 -0.876944629 1.000000000
9.642209645 13.412258183 4.000000000
-1.396570903 10.129730331 3.000000000
-0.286531922 10.453922399 2.000000000
1.171191993 13.472647210 3.000000000
3.416585731 10.834195042 3.000000000
0.235339555 4.752803732 2.000000000
0.847650893 -0.118582116 1.000000000
12.900375616 11.929641472 4.000000000
-2.367412688 5.709742946 2.000000000
-1.199303607 12.578421121 3.000000000
-0.438392811 11.458783048 3.000000000
1.274420563 13.113293012 3.000000000
12.989669188 10.792228103 4.000000000
12.914473413 11.007638098 4.000000000
1.034273183 -0.703446572 1.000000000
0.562207335 11.343484344 3.000000000
-0.748156840 -0.520563046 1.000000000
11.350813344 12.617992307 4.000000000
-0.021037968 9.681544329 3.000000000
11.407624614 10.713271346 4.000000000
8.820654405 13.642694167 4.000000000
-0.047051864 1.257854846 1.000000000
-0.299609354 -1.997524577 1.000000000
-0.827973653 8.936188187 3.000000000
-1.332914229 0.749882026 1.000000000
1.134993323 11.076085388 3.000000000
0.903792213 12.522431562 3.000000000
0.754804170 6.182468118 2.000000000
-1.092883713 6.533064634 2.000000000
0.445378566 -0.919579185 1.000000000
0.769952629 0.005718696 1.000000000
2.631036199 11.463365178 3.000000000
-0.008801694 0.952788765 1.000000000
0.139522521 6.964153713 2.000000000
0.335406029 11.124080371 3.000000000
3.028873711 12.320071916 3.000000000
-2.902193156 13.757308400 3.000000000
-1.249163241 9.445681737 2.000000000
0.312151789 0.231609251 1.000000000
2.992991170 12.565595898 3.000000000
-3.776561719 12.229647104 3.000000000
4.856049276 13.093875535 3.000000000
-0.559792568 9.310337989 2.000000000
0.592485502 11.726385562 3.000000000
-1.166583448 11.796697599 3.000000000
0.791411108 6.446117732 2.000000000
-0.878445414 12.630657919 3.000000000
-0.469177256 8.101755934 2.000000000
-0.751979769 1.271805733 1.000000000
-0.335799377 -0.900861803 1.000000000
-1.975212994 12.992023529 3.000000000
-0.129186201 0.069737068 1.000000000
2.368712001 1.789461456 2.000000000
0.913089613 0.778782155 1.000000000
1.920922311 11.865971474 3.000000000
-0.358260527 7.841757764 2.000000000
1.277465663 0.786237012 1.000000000
-1.449910673 -1.017997379 1.000000000
0.942575002 6.636628195 2.000000000
-0.659651848 7.390818689 2.000000000
-0.137634027 -1.033986450 1.000000000
-0.472164668 4.601154275 2.000000000
0.404250883 6.223394421 2.000000000
-0.931708354 -0.126917071 1.000000000
0.595476473 12.927037518 3.000000000
-1.367380116 12.909436874 3.000000000
0.110558275 2.833949274 2.000000000
-0.719881046 0.505171626 1.000000000
1.374541817 12.428552046 3.000000000
0.195942383 -1.013155140 1.000000000
13.328783368 12.379139130 4.000000000
11.521460189 11.039723397 4.000000000
1.368099421 5.011484493 2.000000000
-0.941808895 1.024736443 1.000000000
-0.738740014 -0.825547036 1.000000000
-0.433381914 12.460313640 3.000000000
13.733101192 13.225852509 4.000000000
0.025002634 -0.014240463 1.000000000
0.425316182 0.423045558 1.000000000
11.545600930 11.853019585 4.000000000
1.572750437 12.191561080 3.000000000
3.972900463 13.216015055 3.000000000
-0.835290003 5.173041780 2.000000000
13.760845174 12.990319370 4.000000000
-0.266585768 1.738031206 1.000000000
0.525900324 -1.713425819 1.000000000
0.575130352 12.016932192 3.000000000
-1.539718274 0.761036601 1.000000000
-0.498535845 11.857691175 3.000000000
-0.215994300 7.452509401 2.000000000
0.100373435 3.689445070 2.000000000
0.094318415 0.425466914 1.000000000
16.491126736 12.447071790 4.000000000
1.099685945 0.461895536 1.000000000
9.172379455 11.448780614 4.000000000
-1.361782939 5.906632138 2.000000000
-0.688405826 7.294631811 2.000000000
0.250303450 6.516136475 2.000000000
0.037788564 0.138286846 1.000000000
-1.342372519 7.354826700 2.000000000
12.615151062 12.292481959 4.000000000
15.460087116 11.569035147 4.000000000
-1.650118784 11.869495288 3.000000000
1.657132535 11.410071271 3.000000000
-1.758143811 0.415391848 1.000000000
12.069224529 13.982626385 4.000000000
0.901340813 3.836379806 2.000000000
9.326116002 11.129539958 4.000000000
0.173006978 8.905456172 2.000000000
0.892898216 -1.091335729 1.000000000
1.492147028 -0.023856216 1.000000000
0.595477311 2.658569129 2.000000000
-0.211347422 13.721371679 3.000000000
-0.816993181 12.263327689 3.000000000
-1.182564362 13.088789361 3.000000000
12.868900940 11.632629581 4.000000000
18.280102641 10.992143639 4.000000000
-0.116394592 12.287687560 3.000000000
1.392377802 6.531841639 2.000000000
-0.449760897 6.500963501 2.000000000
-0.805858827 -0.393445239 1.000000000
-0.203521157 4.988281282 2.000000000
-4.209676106 11.200879181 3.000000000
0.679733092 6.122241288 2.000000000
12.738347540 12.343672496 4.000000000
-0.762910480 11.006424963 3.000000000
-0.672947856 12.193099819 3.000000000
-0.053170579 -0.752460414 1.000000000
1.843259291 11.916920116 3.000000000
-1.259667370 12.908399552 3.000000000
1.205215402 10.115878067 2.000000000
0.845407861 10.936566574 3.000000000
12.151101893 12.938018263 4.000000000
1.057007123 6.284578270 2.000000000
0.477633958 8.478001230 2.000000000
-0.550889533 -1.119803667 1.000000000
1.486034695 11.652313379 3.000000000
0.214886027 0.673642236 1.000000000
1.702189709 11.806116496 3.000000000
0.976986656 5.434301011 2.000000000
0.404152377 10.961026393 3.000000000
2.995093322 8.780045115 2.000000000
1.884588361 0.837751889 1.000000000
-6.304809360 12.948667576 3.000000000
1.762867374 11.663531621 3.000000000
-0.019106574 11.444282847 3.000000000
0.888601790 10.420464339 3.000000000
0.489542392 12.400691193 3.000000000
1.063072531 1.343546059 1.000000000
-0.102861177 -0.480872132 1.000000000
-0.059181326 -0.006900546 1.000000000
0.025117288 5.804901140 2.000000000
0.367354271 11.187498369 3.000000000
-0.351513693 6.696786833 2.000000000
1.040078334 -1.759379901 1.000000000
-1.623844311 0.816261925 1.000000000
2.075707907 9.409076022 3.000000000
0.012036956 6.134379897 2.000000000
12.660608895 12.316660043 4.000000000
1.060271419 5.825992191 2.000000000
-0.677175549 5.833706363 2.000000000
-0.065562720 -0.440579296 1.000000000
0.835835606 4.612202205 2.000000000
-1.371263741 7.037829027 2.000000000
12.172566545 12.916582075 4.000000000
0.452122488 5.016844367 2.000000000
-0.468338444 5.890765619 2.000000000
-0.303896569 7.800332473 2.000000000
14.152897202 11.290870714 4.000000000
0.658107577 7.426623777 2.000000000
10.521577845 12.281880351 4.000000000
-0.121719769 10.873216175 3.000000000
10.626999708 12.733191099 4.000000000
-0.412694047 0.696535201 1.000000000
1.764065749 11.364478717 3.000000000
0.318969512 7.729458077 2.000000000
11.696918194 12.110111612 4.000000000
0.156397698 -0.273207131 1.000000000
12.232372795 12.680533065 4.000000000
-1.793613977 12.301351613 3.000000000
2.476482041 11.771296733 3.000000000
0.538246223 13.055350668 3.000000000
0.870399104 3.144134871 2.000000000
-0.349442282 2.124034988 1.000000000
0.882031347 10.747245030 3.000000000
-0.393472572 -2.514124052 1.000000000
10.466915460 9.466586394 4.000000000
-1.379597477 -0.735453175 1.000000000
2.029353436 6.978427467 2.000000000
1.877251265 6.228821794 2.000000000
0.182805477 5.258654407 2.000000000
0.146938199 -0.133232316 1.000000000
1.227392011 6.569985491 2.000000000
13.161806747 11.012151879 4.000000000
-0.198171694 1.828621810 1.000000000
0.489694115 5.973165419 2.000000000
-0.401401247 5.374971989 2.000000000
1.636112889 -1.157694881 1.000000000
-0.425166990 4.872798922 2.000000000
-0.206935362 4.956078001 2.000000000
0.421228205 11.937696044 3.000000000
3.057597914 12.927243838 3.000000000
-0.852258177 3.849466389 2.000000000
1.142296913 -0.332096863 1.000000000
-0.061757053 4.698504553 2.000000000
0.715674276 5.078633082 2.000000000
8.307854977 11.753824417 4.000000000
0.276160078 12.017527885 3.000000000
-1.315631273 0.456650150 1.000000000
9.832003273 13.605700387 4.000000000
10.827532207 13.208362811 4.000000000
0.476287333 4.477050711 2.000000000
13.706197864 11.852027312 4.000000000
1.130666494 1.760065455 2.000000000
10.730798558 12.011985884 4.000000000
13.446311262 13.379301823 4.000000000
0.410954485 -0.284482821 1.000000000
-2.485744659 11.836012125 3.000000000
-0.432679372 2.856538639 2.000000000
0.072405350 1.418932060 1.000000000
0.143105600 2.145215765 2.000000000
9.083956815 11.643820801 4.000000000
-2.346093566 13.048037642 3.000000000
0.202766943 -0.048992577 1.000000000
-0.555514086 11.612335769 3.000000000
0.182644224 0.336016525 1.000000000
0.901686350 -0.357326153 1.000000000
-0.026795423 9.721473849 2.000000000
11.914339098 11.648769491 4.000000000
-0.365428292 0.084460317 1.000000000
1.274494319 12.748078714 3.000000000
10.189460079 12.159010126 4.000000000
10.886905821 11.097094150 4.000000000
8.468578599 12.169017333 4.000000000
-2.344867481 0.757784151 1.000000000
0.206539992 -0.502960245 1.000000000
-0.463612536 -0.423905606 1.000000000
10.749889016 12.675566250 4.000000000
1.480851990 -0.265244763 1.000000000
11.487895303 12.369903668 4.000000000
-1.577732860 8.065667840 2.000000000
1.811826152 1.516812179 1.000000000
0.507118585 5.194834430 2.000000000
12.327333209 12.321571538 4.000000000
14.269468537 11.237008115 4.000000000
0.423024635 4.991517299 2.000000000
-0.387995204 5.520794273 2.000000000
-0.637675947 -0.502338713 1.000000000
-4.449603834 10.350796658 3.000000000
2.289643634 10.298553238 3.000000000
-0.919012365 -1.087182317 1.000000000
9.474137335 11.370511070 4.000000000
13.484057571 11.927392758 4.000000000
-0.727402752 10.755292728 3.000000000
1.266120545 6.746334214 2.000000000
1.497501634 12.452999884 3.000000000
1.705301472 4.001868252 2.000000000
0.255965939 0.019456705 1.000000000
0.469653835 0.581550823 1.000000000
1.033598637 5.743475739 2.000000000
9.723087616 11.466495048 4.000000000
11.358153035 11.567785147 4.000000000
10.318488194 11.274434521 4.000000000
1.131672623 -0.110671617 1.000000000
-3.157324068 10.148416114 3.000000000
1.086710175 0.602699895 1.000000000
-0.441571035 10.525161595 3.000000000
17.012506740 13.529753916 4.000000000
-1.007172691 -0.669997775 1.000000000
-0.706566223 9.270826053 3.000000000
-0.062525862 -1.873996398 1.000000000
1.108869912 -0.361274485 1.000000000
0.187767227 6.845293305 2.000000000
10.360988117 12.088539675 4.000000000
-0.615917506 6.691556273 2.000000000
0.531709710 5.588851237 2.000000000
11.614181774 12.534652500 4.000000000
14.789289910 10.736647689 4.000000000
11.625201257 12.843555207 4.000000000
-0.127687740 0.870501600 1.000000000
15.768492994 11.757514869 4.000000000
-1.006148356 -0.374120275 1.000000000
0.338752770 -0.086538393 1.000000000
0.148224035 -2.365457393 1.000000000
-0.431460357 7.200501767 2.000000000
-0.465840484 6.663853299 2.000000000
10.082061618 11.616929914 4.000000000
7.407980671 11.804494817 4.000000000
0.624011776 11.075083676 3.000000000
0.121297697 9.856184725 2.000000000
-0.684056435 -0.147972865 1.000000000
-0.056830290 2.289106374 2.000000000
14.052705798 11.825524425 4.000000000
1.801154664 11.433586325 3.000000000
-0.623630100 11.332592044 3.000000000
10.712634493 12.309047272 4.000000000
0.144314722 12.414583224 3.000000000
1.056968461 13.536902329 3.000000000
-1.057222677 13.862490400 3.000000000
-0.447092697 -1.386163633 1.000000000
-3.067584366 6.854072935 2.000000000
11.746554096 12.699989791 4.000000000
-0.178769247 6.063880950 2.000000000
-0.718416727 4.564972715 2.000000000
0.858980830 3.436491811 2.000000000
-0.331407073 -0.381094603 1.000000000
11.878967537 13.135513490 4.000000000
13.980014364 12.039686466 4.000000000
13.461483923 12.669217257 4.000000000
12.741469253 12.415682132 4.000000000
-1.880279496 11.340493330 3.000000000
1.072972248 5.050435880 2.000000000
0.571037989 11.998669077 3.000000000
1.605753817 12.576708082 3.000000000
13.520159965 11.618313120 4.000000000
-1.112274947 1.137733976 1.000000000
1.033944376 -1.621544609 1.000000000
0.455134730 -0.611025849 1.000000000
-0.687904307 7.506979850 2.000000000
-2.203933561 11.902019708 3.000000000
0.891450692 6.948639943 2.000000000
11.170400960 11.005632351 4.000000000
-1.029929711 5.101448827 2.000000000
-0.564159504 11.798206383 3.000000000
0.808474904 12.679499903 3.000000000
11.389550355 12.385662375 4.000000000
-0.155830011 0.513376961 1.000000000
0.676260082 12.180215995 3.000000000
-0.434520507 11.745203702 3.000000000
15.673650616 11.539998020 4.000000000
11.723017546 12.180418448 4.000000000
11.391353286 11.863479423 4.000000000
1.190527727 0.647135629 1.000000000
4.517385027 12.139189122 3.000000000
-0.921062699 3.336479244 2.000000000
1.949529223 12.348897980 3.000000000
11.104995040 11.988707064 4.000000000
-2.624832464 12.633880232 3.000000000
0.197833021 -0.922049626 1.000000000
0.513137536 6.000217860 2.000000000
3.070982645 10.619870004 3.000000000
9.709231032 11.174868633 4.000000000
0.324688859 8.089153758 2.000000000
1.099947062 11.850172705 3.000000000
-1.067937132 6.835559666 2.000000000
13.973413614 13.142979461 4.000000000
0.526515185 -0.635102240 1.000000000
2.317910843 11.376239625 3.000000000
10.375036040 12.374620493 4.000000000
0.934192330 6.635230630 2.000000000
-1.483197802 12.810147248 3.000000000
1.053327738 -0.819001772 1.000000000
-0.166905530 0.613671475 1.000000000
1.201376215 0.642138229 1.000000000
1.513743119 7.726858333 2.000000000
9.732429302 11.132904269 4.000000000
14.015295512 11.532370372 4.000000000
-0.679949100 0.678598017 1.000000000
11.208195675 10.511206133 4.000000000
1.929366008 4.069369158 2.000000000
10.549871407 12.562060738 4.000000000
10.776648366 14.184792144 4.000000000
-1.625273544 12.851502570 3.000000000
-1.204458422 -1.829267211 1.000000000
15.821580410 10.959083323 4.000000000
1.790469770 5.841261329 2.000000000
-0.941444643 1.808184150 1.000000000
0.406920950 0.714385120 1.000000000
-2.979577126 4.949974892 2.000000000
-2.466452686 12.090119282 3.000000000
8.824499409 12.485244839 4.000000000
-0.138064258 -1.036101025 1.000000000
1.260500908 1.277492806 1.000000000
0.508065326 6.279638939 2.000000000
0.620757658 9.255840231 2.000000000
0.007060359 5.078242641 2.000000000
-0.075309875 0.250279043 1.000000000
-1.715369300 6.381582551 2.000000000
11.168984077 12.082993187 4.000000000
11.121650016 12.564779944 4.000000000
-1.093964799 0.029479387 1.000000000
-1.357054828 3.930591566 2.000000000
1.134699033 11.769697441 3.000000000
11.312894582 13.127732014 4.000000000
0.419713243 0.720065718 1.000000000
2.427026625 11.500927108 3.000000000
-1.023446503 11.960699758 3.000000000
-0.540219745 0.108393911 1.000000000
-1.253358043 10.697496374 3.000000000
-0.913959961 11.655050058 3.000000000
0.260755945 11.863001343 3.000000000
14.587767784 11.291937458 4.000000000
-0.048951194 12.793208334 3.000000000
10.757379632 11.938797096 4.000000000
-2.125254783 6.173820952 2.000000000
0.776767784 1.976839767 1.000000000
11.886627651 12.368421621 4.000000000
0.420816831 0.220123213 1.000000000
1.657525877 -1.351653105 1.000000000
-0.430771636 -0.395840202 1.000000000
13.271064766 9.509311740 4.000000000
11.243331280 12.532977104 4.000000000
-2.015683763 12.182984068 3.000000000
9.297741805 12.989093025 4.000000000
0.446751821 1.109382659 1.000000000
-0.728548233 11.104380656 3.000000000
-4.432707492 12.314951271 3.000000000
0.979470496 13.288185739 3.000000000
-0.631737251 -1.609207470 1.000000000
-2.082479870 14.562921493 3.000000000
-1.191078773 0.105287522 1.000000000
9.882684403 9.933326082 4.000000000
0.846226557 3.082925157 2.000000000
-0.208409141 6.045673344 2.000000000
12.226797589 12.384159462 4.000000000
14.448826193 12.588151440 4.000000000
-0.452779237 -1.262877719 1.000000000
-1.152238202 9.336298795 2.000000000
-2.033898607 13.132062961 3.000000000
-3.067546818 11.661422678 3.000000000
0.856138545 2.448917913 2.000000000
13.229920456 11.330967089 4.000000000
12.682314533 12.114398795 4.000000000
12.313757585 11.588204632 4.000000000
-0.932827863 -0.508294862 1.000000000
-0.723679628 2.151336741 1.000000000
-0.287072663 3.985767226 2.000000000
-0.479812343 -1.803434083 1.000000000
0.659876580 7.593896158 2.000000000
-1.569180663 -0.414955102 1.000000000
2.555264528 13.452886192 3.000000000
0.526530046 -0.712838297 1.000000000
-0.534504937 12.548894980 3.000000000
13.958405489 13.039823731 4.000000000
-1.130381684 11.814401893 3.000000000
15.987687472 13.336993302 4.000000000
1.108415519 0.809826890 2.000000000
1.016957197 12.670361101 3.000000000
-1.370352848 1.256983749 1.000000000
0.879090035 8.318863331 2.000000000
0.408959972 5.214821142 2.000000000
-1.954164438 6.316252852 2.000000000
12.677394357 12.424619653 4.000000000
12.028439648 13.195561363 4.000000000
-4.219584996 13.052723036 3.000000000
4.250878036 11.321125299 3.000000000
-0.451167387 -1.651895938 1.000000000
9.123641811 10.883010863 4.000000000
-1.067741965 0.886748366 1.000000000
9.709080857 13.698315389 4.000000000
0.193438870 -0.491788001 1.000000000
-1.968121785 -0.706762044 1.000000000
-0.979501579 -1.114282023 1.000000000
0.561901226 -0.202185579 1.000000000
-1.074577960 9.168750250 2.000000000
1.876447007 12.951943592 3.000000000
2.183945945 11.974536960 3.000000000
1.669959780 6.598076167 2.000000000
-0.279078903 -0.338259740 1.000000000
2.098797644 12.094588134 3.000000000
-0.052016287 2.713364782 1.000000000
-2.252764357 9.134451964 2.000000000
1.701968076 12.090460428 3.000000000
0.579610843 10.375590148 2.000000000
12.398301017 12.357493478 4.000000000
11.635122234 12.008900980 4.000000000
15.125688655 11.072668629 4.000000000
-0.792938440 7.497289192 2.000000000
12.222521413 12.141929276 4.000000000
13.336510422 12.962345228 4.000000000
-0.129299249 -0.069507844 1.000000000
10.248847678 11.383140664 4.000000000
9.062303765 10.189808164 4.000000000
-0.875861476 12.519738357 3.000000000
-1.283484427 9.624016911 2.000000000
1.704997100 12.609529540 3.000000000
0.261505993 1.162978589 1.000000000
-1.419430639 -0.823045556 1.000000000
-0.983760739 11.849648279 3.000000000
-0.351905190 12.431744591 3.000000000
12.171283869 11.316914805 4.000000000
0.519718627 7.042436956 2.000000000
-0.290199658 2.751604956 2.000000000
10.691682941 10.792973004 4.000000000
2.330244240 13.158925279 3.000000000
11.764852157 13.573220378 4.000000000
-1.233776852 6.794683943 2.000000000
0.480354595 6.614148889 2.000000000
-0.015110793 15.119937232 3.000000000
12.940687220 12.632845753 4.000000000
1.213567813 12.928844431 3.000000000
13.586201956 13.273088862 4.000000000
-1.691370848 -0.561811967 1.000000000
0.319184792 11.967787623 3.000000000
0.674469947 9.352664145 2.000000000
-0.047878082 -0.362444064 1.000000000
0.610845522 2.746541902 2.000000000
0.161799432 1.167505318 1.000000000
-1.211241806 6.560985784 2.000000000
10.920295084 11.220217513 4.000000000
-0.187663556 -0.647500226 1.000000000
-1.467820505 12.833564896 3.000000000
13.539015877 13.306763073 4.000000000
13.538031977 12.587246801 4.000000000
1.170405741 3.183148050 2.000000000
-2.892419036 12.225030805 3.000000000
1.640179791 6.997221977 2.000000000
-0.516404915 12.667367127 3.000000000
1.319712769 1.104078648 1.000000000
-0.404986372 0.184411292 1.000000000
-0.204438754 12.223954384 3.000000000
10.085013734 13.575661066 4.000000000
9.164674013 12.170646633 4.000000000
1.561688155 2.012949428 1.000000000
7.878818875 13.202577653 4.000000000
-0.177427513 1.339672686 2.000000000
1.542546418 5.571854948 2.000000000
-1.401040117 5.270712209 2.000000000
1.998434063 7.145818867 2.000000000
-3.390237163 11.461056959 3.000000000
11.029487144 10.364426340 4.000000000
14.391308405 11.584917184 4.000000000
12.825499507 11.231871083 4.000000000
-0.014479243 0.997716950 1.000000000
1.686616671 11.315973539 3.000000000
-1.159573787 11.877582178 3.000000000
-1.094715329 12.972701949 3.000000000
-0.292289671 0.935132794 1.000000000
12.026418189 13.493190205 4.000000000
13.329780019 10.415727730 4.000000000
1.878570407 5.123045206 2.000000000
0.044534032 3.814325957 2.000000000
8.419827986 13.411866722 4.000000000
1.751132429 12.146687870 3.000000000
-0.290861309 5.834352796 2.000000000
14.956103934 10.674136751 4.000000000
11.137418194 10.834941115 4.000000000
15.560032806 9.859924328 4.000000000
-0.222393141 5.986037152 2.000000000
10.986476019 12.985043796 4.000000000
11.531627402 11.466326470 4.000000000
11.900940109 13.633451691 4.000000000
-3.010822647 11.615940985 3.000000000
-0.586651049 10.750387935 3.000000000
-1.925376761 12.437475801 3.000000000
8.718413210 11.593869891 4.000000000
2.022893131 12.295293665 3.000000000
12.296948386 12.185287736 4.000000000
13.498494368 10.822846317 4.000000000
10.567235587 10.277132028 4.000000000
-0.691460166 5.281156043 2.000000000
-0.189848687 6.150255845 2.000000000
-0.197487244 0.846349760 1.000000000
10.791540503 12.718131052 4.000000000
0.070398274 5.490311464 2.000000000
-0.285260360 1.164907368 1.000000000
-1.202233981 11.901142653 3.000000000
0.658823256 0.064477599 1.000000000
0.025358386 6.722912129 2.000000000
2.843842184 11.078817752 3.000000000
-0.816205427 12.077372495 3.000000000
12.439471148 12.308469419 4.000000000
10.817043675 12.665313670 4.000000000
-0.512107643 5.450257124 2.000000000
-1.272380312 -0.424190687 1.000000000
0.042676972 8.006651896 2.000000000
0.977816440 0.162022025 1.000000000
12.265882123 11.320772933 4.000000000
0.302743377 11.773030835 3.000000000
12.764453852 11.756752226 4.000000000
10.979748583 12.753804661 4.000000000
0.069450807 12.157567552 3.000000000
-0.728698377 6.234914590 2.000000000
-1.006021247 10.704618884 3.000000000
-0.007914997 -0.727543591 1.000000000
0.498312966 1.584898820 1.000000000
0.823427731 -0.711870700 1.000000000
2.258247986 11.889060553 3.000000000
0.393263629 7.220806081 2.000000000
-0.243195484 8.155870389 2.000000000
-1.322999354 6.781594337 2.000000000
-1.803117822 10.748831215 3.000000000
11.400709240 11.573606158 4.000000000
11.724091084 12.485557460 4.000000000
11.974000369 13.250839351 4.000000000
7.836191163 12.183968159 4.000000000
0.168947289 9.442011548 3.000000000
0.784496757 2.377758744 2.000000000
0.378563596 8.011553130 2.000000000
-0.030256150 4.425102881 2.000000000
1.254743834 -0.453468357 1.000000000
2.695870784 11.361592701 3.000000000
10.384776375 11.812995787 4.000000000
-0.827886174 -0.973037585 1.000000000
0.778902352 10.528506518 3.000000000
-1.518547423 11.576839687 3.000000000
7.349640540 13.273495583 4.000000000
0.884720463 -0.134388825 1.000000000
1.719020350 13.796778227 3.000000000
0.515649043 -0.049923613 1.000000000
0.654372278 -1.034400161 1.000000000
-2.905641191 10.576546727 3.000000000
0.181846807 7.767031648 2.000000000
13.678767563 11.186581019 4.000000000
-0.537408488 0.786128343 1.000000000
0.626853769 -1.809861764 1.000000000
-1.847734175 12.806149014 3.000000000
-3.148911111 11.853907421 3.000000000
6.247959360 11.063741314 4.000000000
0.729009805 13.826735801 3.000000000
9.729857927 12.087764153 4.000000000
14.073751518 11.334768909 4.000000000
10.859286845 10.799508884 4.000000000
11.690531931 11.822707728 4.000000000
0.077608175 12.195824904 3.000000000
-0.159025783 5.772203316 2.000000000
13.754534793 11.170019438 4.000000000
-0.298259083 6.934965245 2.000000000
0.528117619 11.160904356 3.000000000
0.092584302 -1.394402863 1.000000000
14.342421730 13.365618139 4.000000000
-1.840331604 -1.255495649 1.000000000
13.476571718 11.620923742 4.000000000
0.899075015 7.664547943 2.000000000
1.962849964 -1.147422606 1.000000000
10.857918441 11.286897143 4.000000000
1.107842001 0.210146394 1.000000000
15.667782436 11.605282863 4.000000000
1.678906502 11.533176740 3.000000000
-0.052128873 0.959518581 1.000000000
-2.540931044 13.025476173 3.000000000
12.441060273 12.840252679 4.000000000
0.495298020 4.510933629 2.000000000
0.630265777 -0.469925657 1.000000000
-0.077200331 4.754370991 2.000000000
8.884010432 11.910922705 4.000000000
-1.299793612 5.853947012 2.000000000
16.401942955 12.432792894 4.000000000
0.329504990 6.731789720 2.000000000
0.266751883 5.190293140 2.000000000
2.171925973 4.518797667 2.000000000
3.556455313 12.350928721 3.000000000
1.180936301 5.172287261 2.000000000
10.223705916 11.112538674 4.000000000
