-0.836472084 0.377268118 1.000000000
-4.469752698 12.348636490 3.000000000
0.691698137 13.184274720 3.000000000
11.326565310 6.925545833 4.000000000
9.755375221 0.419289702 5.000000000
13.958068200 5.782570128 4.000000000
-0.049095245 -2.193617868 1.000000000
7.403975752 -0.497385740 5.000000000
0.608808988 13.145071050 3.000000000
-0.703770322 13.738693150 3.000000000
-0.573531915 13.555310390 3.000000000
10.155122320 6.348359608 4.000000000
13.399727510 5.689140425 4.000000000
11.335639960 7.017453233 4.000000000
-0.253649320 11.824450490 3.000000000
11.362735580 5.110796099 4.000000000
0.113167692 8.176196024 2.000000000
0.677916374 12.162376690 3.000000000
-0.358584433 7.219002975 2.000000000
-0.128786779 8.065302039 2.000000000
10.301594310 0.888791033 5.000000000
-1.311195922 3.647643449 2.000000000
1.241497430 0.862054481 1.000000000
0.547856943 3.601292765 2.000000000
5.029557785 12.377371030 3.000000000
-2.107620919 12.688129540 3.000000000
0.058823899 5.379574318 2.000000000
-0.454983247 -0.074941786 1.000000000
-0.155054596 11.797356020 3.000000000
1.027395989 10.961510670 3.000000000
-0.903625674 1.847129760 1.000000000
-0.302652226 8.576504260 2.000000000
-2.919730641 10.164501260 3.000000000
11.672829480 6.201533789 4.000000000
10.124793180 6.201974180 4.000000000
2.441522441 -0.494324409 5.000000000
10.343084800 4.102976356 4.000000000
4.660486752 0.593292010 5.000000000
14.919736020 6.907931434 4.000000000
2.603318291 11.535610490 3.000000000
1.454419165 1.365603706 1.000000000
-1.057962313 2.293816737 2.000000000
-1.230540270 -0.006192324 1.000000000
5.225300465 0.387568607 5.000000000
2.074607269 -0.037776874 1.000000000
1.070617539 13.060231630 3.000000000
2.188074193 11.286225310 3.000000000
7.843976126 6.299384052 4.000000000
0.283268407 12.476690590 3.000000000
-0.832710684 12.243152060 3.000000000
9.101188897 5.743546969 4.000000000
13.075690170 5.106047926 4.000000000
9.228653601 -1.382675157 5.000000000
1.717219754 11.760910370 3.000000000
1.089223849 6.520683001 2.000000000
12.016786150 6.120462731 4.000000000
13.654869520 4.407213013 4.000000000
12.980835810 5.140630282 4.000000000
5.830694507 1.940811843 5.000000000
1.250296580 10.391436530 3.000000000
2.114231679 12.249251660 3.000000000
4.589468748 0.265154853 5.000000000
0.233338233 5.076022392 2.000000000
3.782067282 1.138658378 5.000000000
0.528024349 11.027491540 3.000000000
0.483904747 0.010383601 1.000000000
0.492881607 14.292847830 3.000000000
-0.114529349 6.631198061 2.000000000
0.155302515 -0.778436626 1.000000000
-0.431590665 -1.057192522 5.000000000
-0.437995086 14.035124080 3.000000000
11.625361740 5.899549374 4.000000000
5.506179358 -0.448481229 5.000000000
0.463085346 6.136682585 2.000000000
11.902986070 5.781255860 4.000000000
-0.026198726 12.219764500 3.000000000
7.303238041 -0.263047709 5.000000000
-3.031679692 11.880156550 3.000000000
0.254062483 3.164393182 2.000000000
4.872170894 1.578406172 5.000000000
6.351922299 -0.785685359 5.000000000
15.947983960 4.556770608 4.000000000
0.130471396 3.177288680 2.000000000
-0.871140803 6.096574475 2.000000000
-0.864517475 4.500656309 2.000000000
3.213113366 13.544411990 3.000000000
-0.313699691 11.588866530 3.000000000
-2.176263025 10.144881520 3.000000000
12.221378960 6.513951194 4.000000000
7.873303972 -0.513215569 5.000000000
10.774830840 7.002359057 4.000000000
-1.059435151 -0.747377592 1.000000000
2.594763541 0.712475167 5.000000000
-0.305501851 -1.446531444 1.000000000
-4.516156829 13.260522480 3.000000000
6.798549491 0.874029822 5.000000000
0.022540704 6.940141955 2.000000000
-1.966241098 5.331034919 2.000000000
0.746588178 3.801749884 2.000000000
12.668494100 7.244475203 4.000000000
8.109538909 0.857609730 5.000000000
7.606999149 -1.366680633 5.000000000
7.885189853 -1.156893931 5.000000000
2.712139926 12.217154580 3.000000000
-2.768012943 11.490620420 3.000000000
1.431238594 2.286142297 1.000000000
-1.227698781 5.150812852 2.000000000
-1.427584560 11.582599750 3.000000000
10.072447240 0.677378204 5.000000000
10.893867750 6.714965249 4.000000000
10.373765180 7.222864461 4.000000000
5.217165054 1.877019276 5.000000000
0.356510795 8.824848784 2.000000000
0.371058013 5.568446825 2.000000000
6.537896838 -2.754085323 5.000000000
0.267515426 5.642279364 2.000000000
-1.355339943 5.520719607 2.000000000
0.061118297 -0.085920641 1.000000000
-0.884239356 4.343719493 2.000000000
13.267219830 5.790079755 4.000000000
-0.550755470 6.495192332 2.000000000
-3.475732444 12.425926000 3.000000000
-0.826559474 0.133493547 1.000000000
-1.089453786 9.601086977 2.000000000
2.598497146 1.644065232 5.000000000
-3.652693352 12.036025020 3.000000000
5.081829608 0.443471750 5.000000000
1.185278718 11.089733810 3.000000000
10.547309920 5.645998167 4.000000000
-0.934854628 4.754817620 2.000000000
-0.904037206 5.599139846 2.000000000
1.409255199 12.859058950 3.000000000
0.988726669 0.391113002 1.000000000
14.621349240 8.628058494 4.000000000
-3.216060560 10.391834300 3.000000000
6.082070643 -0.894047963 5.000000000
0.604091868 11.921224090 3.000000000
13.942599740 5.047361466 4.000000000
-1.721718840 -0.454397073 1.000000000
6.618570457 0.922524838 5.000000000
10.623674440 -0.187248976 5.000000000
1.046462276 6.817263508 2.000000000
1.250077264 5.491622115 2.000000000
0.037879005 12.275248170 3.000000000
0.765791412 3.451309406 2.000000000
15.552479520 6.829570190 4.000000000
-1.858061027 2.573065791 2.000000000
12.883105650 5.696160393 4.000000000
4.803431186 2.244143470 5.000000000
12.955549050 4.190819336 4.000000000
11.583899110 6.533341326 4.000000000
6.190657308 1.063822865 5.000000000
-1.393405073 2.664818228 2.000000000
-0.703128982 8.215190821 2.000000000
5.605975392 0.359447346 5.000000000
0.823696549 6.120401137 2.000000000
-0.750451682 3.578238532 2.000000000
-2.662707875 6.365475555 2.000000000
-1.896692370 10.052766460 3.000000000
-0.695826941 3.281643536 2.000000000
1.520122455 8.266623566 2.000000000
7.607988382 -0.737184796 5.000000000
-0.654820498 11.265535840 2.000000000
12.203307370 6.305550688 4.000000000
10.093905840 6.557556028 4.000000000
11.962185780 4.332139119 4.000000000
12.666644100 -1.054488530 5.000000000
-0.456960032 8.909745385 2.000000000
0.848876326 13.103732570 3.000000000
13.284991560 5.504736495 4.000000000
10.583720660 4.549517160 4.000000000
4.595804630 -0.574765778 5.000000000
-0.919508872 12.200074470 3.000000000
-1.857246379 -0.277993677 1.000000000
16.211471220 5.196225771 4.000000000
11.953196150 4.942295636 4.000000000
15.496556080 5.880219548 4.000000000
0.913738009 12.586391530 3.000000000
9.043655588 6.372361554 4.000000000
11.302112040 4.154591796 4.000000000
13.277548360 -0.947536402 5.000000000
6.664725365 -0.577196941 5.000000000
-0.764095565 13.582729330 3.000000000
12.077247710 5.540572660 4.000000000
-0.910630304 1.599656722 1.000000000
15.254506690 5.916758665 4.000000000
1.020474128 0.159064116 1.000000000
9.987200023 3.874933762 4.000000000
7.394077465 2.089170431 5.000000000
9.491670170 6.817243304 4.000000000
13.800758440 5.994914297 4.000000000
10.453588570 0.524735228 5.000000000
-0.488217183 0.423224989 1.000000000
5.591165399 0.716697126 5.000000000
0.831919814 10.192844670 2.000000000
4.538248431 -0.754692911 5.000000000
7.794841641 -0.537669892 5.000000000
12.065712660 5.971922458 4.000000000
9.003233826 5.908660645 4.000000000
0.885403003 5.119250910 2.000000000
-1.234143941 12.755812330 3.000000000
1.410489176 13.668930600 3.000000000
-0.309853525 0.263721938 1.000000000
0.604852812 12.144582580 3.000000000
11.871551830 6.474284174 4.000000000
13.726047120 5.122140469 4.000000000
8.921617652 -0.773826509 5.000000000
6.875165053 -0.079574389 5.000000000
-1.003797243 11.451192360 3.000000000
0.592158085 -0.222412377 1.000000000
1.556677102 11.359265290 3.000000000
0.582843950 11.383027400 3.000000000
0.675730402 2.049418882 5.000000000
0.575965147 3.537709694 2.000000000
-0.329268032 0.361656111 1.000000000
0.333342153 -0.453322339 1.000000000
0.224135179 6.342767160 2.000000000
3.854192203 12.387893450 3.000000000
11.434472340 5.749320316 4.000000000
-0.929806202 7.828758683 2.000000000
13.986288010 6.970641451 4.000000000
-1.252506658 10.138454140 3.000000000
1.350263145 7.689997478 2.000000000
-1.513653115 13.004497200 3.000000000
5.400676487 0.817292641 5.000000000
0.047138624 -0.295767400 1.000000000
3.506224408 11.023831740 3.000000000
8.946747352 0.120662733 5.000000000
7.322877948 1.253752820 5.000000000
-1.018934380 12.439430850 3.000000000
2.718542954 -0.170635138 5.000000000
9.505051836 -0.061921524 5.000000000
-0.676624838 5.132246306 2.000000000
-3.098767918 10.816170090 3.000000000
-1.179747025 8.513843513 2.000000000
1.634308198 -0.307886173 1.000000000
0.107828595 0.793587234 1.000000000
-0.912224185 -0.979885266 1.000000000
2.658658210 0.067049843 5.000000000
1.988485200 10.832989520 3.000000000
5.830583622 0.106070173 5.000000000
-0.742485027 1.755794266 1.000000000
3.107194722 1.762981328 5.000000000
12.602100550 2.280063363 5.000000000
-0.707381339 9.012258010 2.000000000
8.478057837 5.170071661 4.000000000
-2.780469398 10.757154720 3.000000000
-0.048527126 -0.763329221 1.000000000
2.922181346 -0.598184554 5.000000000
11.603549950 5.146529304 4.000000000
-1.607528674 5.889162348 2.000000000
0.239901438 12.968043070 3.000000000
-3.001858418 13.116172820 3.000000000
14.452259480 6.020734958 4.000000000
-0.078334797 0.770100172 1.000000000
6.075144025 -0.111568354 5.000000000
6.373228351 -0.851606690 5.000000000
1.854757116 0.437219039 5.000000000
-0.724783916 12.940423870 3.000000000
-0.258167559 -1.684796838 1.000000000
3.183664697 10.915442000 3.000000000
1.103224657 13.106464430 3.000000000
9.029107900 4.732286683 4.000000000
4.856028229 0.050509824 5.000000000
-0.964368395 8.152167547 2.000000000
0.682367130 6.714385163 2.000000000
0.838177899 6.406607204 2.000000000
11.429877460 7.670444696 4.000000000
-0.628105055 -0.161490073 1.000000000
14.968289100 5.024747240 4.000000000
4.442236101 0.091273446 5.000000000
-1.942146460 12.671899060 3.000000000
9.351498262 7.279228806 4.000000000
0.040874887 -1.403345826 1.000000000
6.867064654 0.149139302 5.000000000
0.169485726 6.614030400 2.000000000
13.178911680 6.070376414 4.000000000
0.611833457 0.589778684 1.000000000
13.767918460 6.097683517 4.000000000
-0.896196528 12.354007910 3.000000000
-0.117882039 -0.578947722 1.000000000
14.514658080 5.992407261 4.000000000
0.305877303 -0.326400056 1.000000000
6.623502475 -0.598515878 5.000000000
0.520238433 2.920249301 2.000000000
1.217478565 1.215623741 5.000000000
1.064592664 2.165625970 1.000000000
-0.272096854 4.879387830 2.000000000
4.042766098 1.461203062 5.000000000
-0.996498748 1.893945556 1.000000000
5.056943843 -0.152373926 5.000000000
3.996997517 12.469662600 3.000000000
4.559689714 1.261473166 5.000000000
-0.653098564 0.233159546 1.000000000
7.930759555 -1.640741702 5.000000000
8.422359030 -1.135225422 5.000000000
1.303349027 -0.807853067 1.000000000
-2.916646238 12.496104120 3.000000000
0.770906188 5.186307485 2.000000000
-1.207798350 -0.083182642 5.000000000
13.443425340 4.940862426 4.000000000
11.707639120 5.767275434 4.000000000
12.200521120 4.868745346 4.000000000
8.423177576 6.549182998 4.000000000
15.003803420 5.531572072 4.000000000
-1.164028336 -0.898152605 1.000000000
1.416112115 0.358301180 1.000000000
-0.673066630 -0.021703120 1.000000000
13.151121720 7.085307461 4.000000000
-0.613416890 5.495133786 2.000000000
-0.389200423 4.722880767 2.000000000
-0.996972576 7.500694490 2.000000000
10.416859970 7.837377249 4.000000000
0.073193330 1.439640922 1.000000000
-0.171262947 2.960271487 2.000000000
4.525151897 12.303004080 3.000000000
-0.441855019 5.872366888 2.000000000
2.967073202 -0.214700614 5.000000000
9.043172810 -0.489091879 5.000000000
11.272309190 6.643594859 4.000000000
1.496415256 -0.542374783 1.000000000
-0.609350832 11.658491150 3.000000000
-1.134504712 0.218485919 1.000000000
9.203563852 6.748927667 4.000000000
15.100092550 5.926053881 4.000000000
0.516058556 -1.539750686 5.000000000
0.625953391 1.619403046 5.000000000
12.063219460 6.404119235 4.000000000
1.794667536 12.567108800 3.000000000
0.265695631 0.370367511 1.000000000
10.645975980 6.508322025 4.000000000
10.758292260 5.582580688 4.000000000
14.802601750 6.163912197 4.000000000
2.307519852 11.321726570 3.000000000
2.295900427 5.799102541 2.000000000
12.753263530 7.778873033 4.000000000
-0.084984635 8.018726071 2.000000000
-0.494275813 5.790918946 2.000000000
9.889307124 7.028704350 4.000000000
1.375415313 -0.436606998 5.000000000
-0.593060660 7.536769740 2.000000000
0.144032287 4.339424472 2.000000000
4.544022179 -1.397031584 5.000000000
1.082967091 -0.851454911 1.000000000
-1.282084932 -1.402323276 1.000000000
9.959685431 1.055864966 5.000000000
12.129255970 5.975436225 4.000000000
1.068766615 11.155025120 3.000000000
-1.917515285 -0.741251245 1.000000000
-0.973773405 13.520570740 3.000000000
0.907670177 0.824024010 5.000000000
-0.060096446 -0.536043966 1.000000000
-0.624969645 11.990057490 3.000000000
2.320421516 0.063941792 5.000000000
5.912393201 -1.259636077 5.000000000
-0.413082331 -0.629948434 1.000000000
8.403321150 0.723853748 5.000000000
-0.443951815 11.845554140 3.000000000
1.013415749 10.788076870 3.000000000
-2.259084580 13.176651640 3.000000000
9.405395257 -0.005446899 5.000000000
2.929921631 9.045879148 2.000000000
-1.023000348 12.391786890 3.000000000
-1.404841220 11.675768130 3.000000000
11.469504250 5.315330522 4.000000000
-1.294240801 -3.260525988 1.000000000
9.269616245 0.458844943 5.000000000
0.072944805 13.825609920 3.000000000
1.011130073 -1.171537806 1.000000000
-0.002763373 0.378419832 1.000000000
0.429392207 -0.055413828 1.000000000
1.033363663 12.163519460 3.000000000
8.488612765 0.834843108 5.000000000
-0.485771065 0.538184395 1.000000000
-0.056229904 -0.876916412 1.000000000
2.153154639 11.384690640 3.000000000
6.376507581 2.877680605 5.000000000
-0.771148579 -1.440707306 1.000000000
0.602720187 7.558422862 2.000000000
1.709973948 3.905061366 2.000000000
0.548365368 -1.442170147 1.000000000
11.061208070 6.986624296 4.000000000
5.896546656 -1.096426543 5.000000000
13.758086270 7.001023288 4.000000000
-2.405986277 12.786386990 3.000000000
-1.110530972 -1.678393769 1.000000000
0.747409789 -1.013815231 1.000000000
-0.345877371 12.788655430 3.000000000
3.345703759 0.980721171 5.000000000
0.467327283 4.912879837 2.000000000
0.914357118 -0.466062661 1.000000000
4.393590641 11.819555830 3.000000000
12.029647670 5.383484859 4.000000000
-0.445699017 6.205355707 2.000000000
12.699759190 5.206588857 4.000000000
-3.652151856 10.438597120 3.000000000
-0.774560272 11.432174380 3.000000000
-0.429570368 4.795146135 2.000000000
9.239792041 0.297163093 5.000000000
-0.719996694 11.139334260 3.000000000
2.713582308 -1.270258883 5.000000000
-1.266824881 12.062547860 3.000000000
2.439384118 13.857234120 3.000000000
13.070902070 7.529494366 4.000000000
-0.311503591 12.166217910 3.000000000
-0.740173454 -0.599807670 1.000000000
-0.382425374 6.664860768 2.000000000
-2.248326910 3.723617773 2.000000000
0.300991548 13.783239490 3.000000000
1.624991572 12.429311760 3.000000000
0.054703917 4.510820013 2.000000000
11.173927660 5.548477744 4.000000000
-0.855616063 0.052477746 1.000000000
1.586062965 11.404396270 3.000000000
14.376325300 6.149906084 4.000000000
1.378018517 6.396467997 2.000000000
3.682438151 -0.313799716 5.000000000
-0.887638361 13.012182900 3.000000000
-0.063717774 -0.595990275 1.000000000
3.409965004 0.853195210 5.000000000
7.902927710 5.899350409 4.000000000
-0.034758492 0.434412012 1.000000000
3.002739012 -1.574930045 5.000000000
1.209126886 12.337561490 3.000000000
-2.030075442 -0.750025200 1.000000000
14.156511780 6.825743050 4.000000000
-1.292981902 -0.492348127 1.000000000
-0.473030506 0.280491435 1.000000000
0.800798671 10.283605950 3.000000000
5.364004637 1.202464671 5.000000000
-2.265461178 13.223511470 3.000000000
8.292928040 5.779852912 4.000000000
-0.577223535 3.634567898 2.000000000
-0.331286821 12.739316690 3.000000000
0.638355900 0.106258193 1.000000000
2.223191300 5.701089490 2.000000000
11.354659870 0.454578410 5.000000000
15.423478600 5.686847579 4.000000000
0.813411154 -0.549455979 1.000000000
4.656285278 1.114405192 5.000000000
1.056724652 4.964798527 2.000000000
8.971980180 0.241218254 5.000000000
-0.035700280 0.687044541 1.000000000
14.387861460 5.421628596 4.000000000
10.864250760 6.691886483 4.000000000
-0.008883438 6.904867648 2.000000000
12.176949670 6.169657158 4.000000000
-1.357531594 6.155492146 2.000000000
-0.135509685 6.859047268 2.000000000
10.999069170 5.245497175 4.000000000
-1.271618891 0.344043306 1.000000000
0.715098114 5.878634285 2.000000000
5.374885482 0.814659599 5.000000000
1.539472242 -0.422278551 1.000000000
-2.115470182 13.305258320 3.000000000
0.743946616 -0.281549256 1.000000000
1.676146721 10.885715580 3.000000000
11.198391740 6.649644878 4.000000000
4.087943324 -0.725305830 5.000000000
1.720328314 12.239698540 3.000000000
6.754878519 -1.052791513 5.000000000
1.134484435 3.591631373 2.000000000
0.457641882 -0.590693604 1.000000000
3.762565856 -1.279473582 5.000000000
3.041369138 11.476101990 3.000000000
5.234903383 11.141338280 3.000000000
-1.481285179 7.096595135 2.000000000
1.546709339 6.915419502 2.000000000
1.053172302 3.271360801 2.000000000
0.360405202 11.166335040 3.000000000
9.263355068 5.773795981 4.000000000
11.901539870 4.934117655 4.000000000
0.493782701 10.770513190 3.000000000
0.050336412 6.311429797 2.000000000
-1.557460180 11.316232310 3.000000000
8.414876260 -0.785584742 5.000000000
0.970362293 5.915327862 2.000000000
1.994809751 3.906825928 2.000000000
12.722854410 6.656833371 4.000000000
9.679793120 7.114637767 4.000000000
1.055437354 0.381088497 1.000000000
2.812349482 11.023966690 3.000000000
2.219576605 -0.091715629 1.000000000
11.710973670 1.567627709 5.000000000
8.745314143 8.374905921 4.000000000
-0.094228499 8.737002622 2.000000000
0.574975394 4.371534286 2.000000000
-1.382292114 10.755379830 3.000000000
1.412511964 10.251638280 3.000000000
2.717157980 11.841580440 3.000000000
7.247645717 -1.255049889 5.000000000
1.579046977 -1.597336518 1.000000000
13.613432870 4.937218911 4.000000000
0.318203063 -0.789322117 1.000000000
-2.680338855 11.145355060 3.000000000
4.360116396 -0.252983909 5.000000000
3.083161990 -1.809436992 5.000000000
-1.796766846 1.303368832 5.000000000
0.714335641 0.167776639 1.000000000
-2.083533019 11.007462500 3.000000000
1.616435164 13.532912090 3.000000000
4.850159629 -0.023202610 5.000000000
13.010909210 4.785575944 4.000000000
-0.437615101 5.327579205 2.000000000
0.201201269 -0.203381323 1.000000000
0.107129368 2.225112492 1.000000000
0.824805312 4.462049546 2.000000000
0.704286045 3.438027261 2.000000000
-1.479323604 2.524782075 2.000000000
0.759304397 -0.321576123 1.000000000
-0.537979294 6.467410815 2.000000000
4.100798233 0.856149651 5.000000000
1.458080950 1.956098260 2.000000000
0.433213483 8.285611259 2.000000000
-0.006277652 -0.328044677 1.000000000
1.433057414 -2.136040103 1.000000000
7.505313178 0.063696603 5.000000000
10.554865310 5.872362365 4.000000000
-0.666627448 5.228293219 2.000000000
2.337022717 0.107599168 5.000000000
7.921263537 -0.656553757 5.000000000
-0.613454879 0.831374786 1.000000000
11.276380110 6.538525675 4.000000000
1.280504301 11.248687400 3.000000000
-0.613499714 5.134737667 2.000000000
-1.153162826 11.944415280 3.000000000
1.215328536 11.257287220 3.000000000
0.197381317 -2.060304399 1.000000000
0.127229616 6.587164671 2.000000000
14.392846720 5.604140196 4.000000000
-0.829631346 0.332107682 1.000000000
9.393416680 5.852392457 4.000000000
2.013439993 0.167620881 1.000000000
-0.701760978 6.394327249 2.000000000
0.859672403 -0.175519595 1.000000000
-1.799021376 0.452114581 1.000000000
2.675015847 12.492979110 3.000000000
0.183379089 -0.719226645 1.000000000
0.523031662 -0.810862068 1.000000000
9.114696039 2.080105336 5.000000000
-3.476479516 12.632230470 3.000000000
-0.854186200 11.145319320 3.000000000
9.912805184 6.020363607 4.000000000
-0.168200994 9.784392316 2.000000000
-0.389088839 12.052191150 3.000000000
-1.158139411 5.541235442 2.000000000
11.771332250 6.030419274 4.000000000
11.274232050 0.912335980 5.000000000
-0.660440270 0.016184056 1.000000000
6.519123959 -0.878527564 5.000000000
-0.143955890 4.669790021 2.000000000
12.549715980 6.688800562 4.000000000
4.961777053 1.586317222 5.000000000
8.648136462 0.656491284 5.000000000
-0.398988446 0.671448116 1.000000000
-1.646438703 8.623412400 2.000000000
1.164515119 1.881660629 1.000000000
-2.246028262 0.052078951 1.000000000
-0.517280670 6.504304439 2.000000000
13.166494700 5.845688844 4.000000000
1.183770293 6.015197245 2.000000000
0.154943105 4.560900505 2.000000000
2.378578352 12.986991510 3.000000000
-1.338027754 12.143902470 3.000000000
7.625951608 -2.020741798 5.000000000
0.396535551 12.420979620 3.000000000
5.131562063 0.663769921 5.000000000
2.541413305 12.312927830 3.000000000
7.410975188 1.634127172 5.000000000
0.451573212 6.756213717 2.000000000
7.292347182 0.666151094 5.000000000
-1.679148315 -1.409912231 1.000000000
3.199920484 -0.630964196 5.000000000
-0.965110904 7.105714609 2.000000000
-0.130908044 11.519102900 3.000000000
6.203035200 0.251903409 5.000000000
7.098767085 -0.216592528 5.000000000
-0.149550057 8.798040172 2.000000000
13.831801270 -0.286819815 5.000000000
-0.231862821 -0.318053932 1.000000000
-2.045951946 8.829419017 2.000000000
-1.092525128 11.639196350 3.000000000
0.256366070 13.933267780 3.000000000
10.412758920 6.785428579 4.000000000
0.101050059 4.911659520 2.000000000
-1.546300910 10.778569270 3.000000000
1.699006402 6.953463613 2.000000000
0.651414364 6.265839896 2.000000000
-2.069917402 -0.905277179 1.000000000
-0.944173121 10.352573990 3.000000000
0.025187094 0.767931913 1.000000000
5.870011665 -0.415372865 5.000000000
3.817559477 -1.855995599 5.000000000
0.227865857 0.749874524 1.000000000
-1.058795125 13.167840760 3.000000000
0.421851830 0.976765874 2.000000000
-1.494665254 11.165569690 3.000000000
4.795190160 0.313315746 5.000000000
11.300877900 4.736470076 4.000000000
1.957860904 -0.374798415 5.000000000
-0.199118490 6.578457618 2.000000000
9.680542227 6.747755497 4.000000000
-1.575110527 1.656804880 1.000000000
1.481750912 -0.038072360 1.000000000
3.888004146 0.638592918 5.000000000
14.626332630 7.668712799 4.000000000
5.440780839 0.563434023 5.000000000
1.523712972 -0.197035174 1.000000000
0.326742482 6.249275331 2.000000000
-0.576061762 11.882374520 3.000000000
7.934858923 -0.466730599 5.000000000
3.169690270 -0.894599165 5.000000000
2.523228820 11.249186450 3.000000000
-3.649289489 13.023294880 3.000000000
-2.842331737 13.209245180 3.000000000
10.220425220 5.395720437 4.000000000
-0.738704675 5.062731495 2.000000000
6.544145674 0.562309641 5.000000000
0.585635167 5.740194913 2.000000000
16.137469370 4.895382877 4.000000000
-1.014029325 -0.127525513 1.000000000
-0.175215819 -2.660202899 1.000000000
-1.772876856 11.152085310 3.000000000
-3.789386365 11.184585360 3.000000000
15.638158120 7.009116159 4.000000000
6.982532054 -2.398827576 5.000000000
0.441660757 4.146534096 2.000000000
11.733737460 5.173731214 4.000000000
0.926759311 -0.217849697 1.000000000
1.464084296 13.015244490 3.000000000
1.880672847 10.461222270 3.000000000
3.222175859 1.138164158 5.000000000
5.831619820 1.137769565 5.000000000
9.109994663 6.436450008 4.000000000
0.187787248 12.796317380 3.000000000
-0.318338542 11.816036920 3.000000000
-1.000558505 8.411554656 2.000000000
-0.737014300 6.140915310 2.000000000
-0.910523923 -1.545550261 1.000000000
0.686813570 -0.357234560 1.000000000
6.659603541 0.663790961 5.000000000
14.158973690 7.086312530 4.000000000
-0.486191092 6.887019626 2.000000000
12.181296700 6.187496781 4.000000000
7.207317631 7.368469520 4.000000000
-0.633520540 3.633548824 2.000000000
1.759815158 5.325819239 2.000000000
-1.721589553 -1.365509575 1.000000000
1.185188954 10.775664220 3.000000000
-1.312442921 -1.352620544 1.000000000
-1.877511701 8.730582748 2.000000000
-1.563516070 5.257966274 2.000000000
0.387349277 2.192425573 1.000000000
7.799848198 -0.519746112 5.000000000
-0.082114375 11.447961330 3.000000000
0.699962700 11.258812790 3.000000000
-0.211469909 0.947117849 1.000000000
-0.819071767 10.982309310 3.000000000
11.224723090 4.223891721 4.000000000
1.215937736 -0.296877683 1.000000000
-0.831282183 -0.384083742 1.000000000
1.482237413 5.099295302 2.000000000
12.698788400 7.364642146 4.000000000
9.802005257 6.360467648 4.000000000
1.541864403 0.710386709 1.000000000
8.681046925 0.416741383 5.000000000
-3.054068038 11.607978870 3.000000000
1.111056560 4.978615711 2.000000000
0.543515254 -1.205567892 1.000000000
9.718778366 8.096593703 4.000000000
0.839203887 10.554478140 2.000000000
-1.920383270 12.089344010 3.000000000
-1.149225091 -2.332767847 1.000000000
0.845441660 12.000300130 3.000000000
-0.392578228 -0.737199887 1.000000000
-0.064565453 12.174129000 2.000000000
1.401561065 5.614453984 2.000000000
-0.995715442 -2.297600376 1.000000000
0.305039242 5.879703066 2.000000000
-0.653011416 -0.136395760 1.000000000
-0.557725997 5.931177007 2.000000000
0.389660167 -0.460942762 1.000000000
0.477839575 -2.062338875 1.000000000
11.734908320 6.986201669 4.000000000
-0.632769544 0.894155026 1.000000000
0.071991791 4.675977628 2.000000000
13.192831540 4.768480508 4.000000000
-0.937624085 9.647395008 2.000000000
0.121083561 5.767229734 2.000000000
0.430688737 11.263966330 3.000000000
4.428317945 -0.663308087 5.000000000
0.566949612 -1.659152178 1.000000000
7.725071810 0.501943784 5.000000000
-2.685459087 6.248407420 2.000000000
1.227465021 4.276743172 2.000000000
0.655041032 1.284039047 1.000000000
7.877514469 2.013227357 5.000000000
0.294194378 0.873026826 1.000000000
-3.095019872 12.627750850 3.000000000
-0.141394316 -1.078261873 1.000000000
-0.000715129 12.936839720 3.000000000
5.771543864 -1.403265952 5.000000000
4.697403567 -0.653483475 5.000000000
8.585375185 -1.096241535 5.000000000
0.125107284 4.364159252 2.000000000
-0.547768619 5.054137052 2.000000000
-0.253739759 4.051357014 2.000000000
-0.832651444 -1.091811016 1.000000000
-1.301795126 -0.886897767 1.000000000
12.270431550 6.058209010 4.000000000
9.284455470 6.071126851 4.000000000
1.529574403 11.615181300 3.000000000
0.246242330 12.941538820 3.000000000
-2.405624100 5.824331206 2.000000000
13.167125560 5.853190572 4.000000000
-0.733053187 0.207316759 1.000000000
14.078213830 7.060659177 4.000000000
0.194550698 4.842128279 2.000000000
7.947330638 1.221570207 5.000000000
-0.252961961 3.784029004 2.000000000
3.798723779 -1.093544918 5.000000000
8.988924245 -0.175863737 5.000000000
-1.683343690 0.876175631 1.000000000
11.648927230 5.433371672 4.000000000
0.814853291 5.694186936 2.000000000
4.805190637 -1.418603218 5.000000000
-1.264297059 9.198186490 2.000000000
8.244869968 -1.735314284 5.000000000
4.754006343 -0.833441297 5.000000000
8.788294961 1.641523749 5.000000000
-1.391133258 7.942521135 2.000000000
3.140742950 -0.067521995 5.000000000
9.994829717 -1.062046474 5.000000000
3.226984257 0.423668161 5.000000000
6.029625393 -0.197588165 5.000000000
0.865518402 0.237000604 1.000000000
5.948275194 1.386482463 5.000000000
8.867736643 0.223046935 5.000000000
14.325017680 5.692724508 4.000000000
10.416505020 7.727281953 4.000000000
5.038362146 0.923882802 5.000000000
-0.148615829 0.460906294 1.000000000
8.597449012 6.008279954 4.000000000
15.355801950 6.161941699 4.000000000
-0.102501411 0.424602872 1.000000000
1.675846109 11.763910350 3.000000000
-1.196831131 9.639450166 2.000000000
0.466683452 0.621433438 1.000000000
0.322811485 2.535217885 1.000000000
7.180552510 -1.566008206 5.000000000
0.194861424 -0.582339586 1.000000000
-0.613567941 6.058610199 2.000000000
1.951086558 5.555495315 2.000000000
2.725307401 -0.094148909 5.000000000
0.680030890 -2.298433505 1.000000000
-0.411438837 -0.718530395 1.000000000
1.092037423 1.325953092 1.000000000
12.657762170 5.702154417 4.000000000
8.654883918 5.387028854 4.000000000
11.253215180 5.242151232 4.000000000
-0.928795769 -1.508899962 1.000000000
-1.147338446 6.940603679 2.000000000
1.074940340 4.471597632 2.000000000
3.416115747 11.929212730 3.000000000
3.621260448 0.278341450 5.000000000
-3.519212614 15.201115810 3.000000000
8.038451566 -1.297873240 5.000000000
-0.245511814 8.017103543 2.000000000
8.573366147 1.343088200 5.000000000
0.775837273 12.017604400 3.000000000
-1.185043119 6.588218570 2.000000000
-0.719785528 6.595408391 2.000000000
1.053825350 6.080317615 2.000000000
12.190308490 5.348703369 4.000000000
-0.091004267 4.204934722 2.000000000
6.455164915 1.148978639 5.000000000
9.351034739 5.162454383 4.000000000
-0.828702812 0.292940318 1.000000000
0.005749040 0.515223846 1.000000000
9.338688035 6.003782057 4.000000000
-0.317949633 8.534482477 2.000000000
-1.404976366 0.059049064 1.000000000
5.308095242 0.196417560 5.000000000
1.589993270 10.888292350 3.000000000
3.208214831 1.527223919 5.000000000
-0.449895349 4.265546532 2.000000000
10.890315580 4.925726220 4.000000000
1.150091170 5.940555568 2.000000000
2.177340269 11.283835800 3.000000000
0.168103611 0.825445717 1.000000000
-0.869441401 0.650495412 1.000000000
6.272485573 -1.304779468 5.000000000
8.657546669 -0.339709716 5.000000000
10.041039590 -1.074178351 5.000000000
1.713202111 0.084649183 1.000000000
8.903823476 7.266183644 4.000000000
11.558114450 0.472596489 5.000000000
1.006570947 12.503080630 3.000000000
5.338060851 1.022425239 5.000000000
3.446180001 12.200051810 3.000000000
0.489549293 4.740990732 2.000000000
-0.201320612 -0.557112387 1.000000000
-0.953772753 7.562700439 2.000000000
9.920917446 7.192138127 4.000000000
-2.102853143 6.057746614 2.000000000
0.040741955 -0.737465150 1.000000000
4.357690020 0.768738823 5.000000000
13.257972410 5.637993053 4.000000000
0.058170670 7.751645955 2.000000000
0.974084655 4.397352824 2.000000000
8.679250063 6.448123050 4.000000000
3.708398071 -0.367855926 5.000000000
-0.213885315 5.746327538 2.000000000
0.117028883 -1.189678990 5.000000000
1.002845739 7.902266294 2.000000000
4.306627173 -0.149729285 5.000000000
0.764222100 -1.587830510 1.000000000
-1.880075303 12.429104430 3.000000000
1.326697472 3.156928557 2.000000000
0.114198249 11.481944850 3.000000000
12.168859360 3.494002346 4.000000000
0.124060469 4.275276989 2.000000000
-0.606837078 1.008479984 1.000000000
11.078696130 6.256525707 4.000000000
-0.267961014 0.305517904 1.000000000
-3.157278413 12.269378600 3.000000000
8.589529594 0.082265788 5.000000000
1.708556499 12.084235920 3.000000000
-0.204688811 7.685771207 2.000000000
0.049815727 -0.790743508 1.000000000
-1.484060782 12.641503890 3.000000000
3.661794284 11.616488860 3.000000000
1.740335766 10.583602350 3.000000000
0.756094536 11.455935920 3.000000000
0.888875681 6.617572930 2.000000000
0.991385339 1.460424856 5.000000000
2.710693939 10.444024670 3.000000000
-0.597080506 13.091757600 3.000000000
1.462805772 0.620801678 1.000000000
-1.671244416 11.985335620 3.000000000
3.561912155 0.630491340 5.000000000
-0.811383995 1.068658276 1.000000000
9.832326663 7.528779886 4.000000000
-2.107862128 -0.271487570 1.000000000
15.114995630 6.674097102 4.000000000
13.267093540 6.363932534 4.000000000
0.938778427 13.070750150 3.000000000
5.218669774 -0.994802554 5.000000000
2.811857135 0.553316616 5.000000000
-0.275434912 0.758824855 1.000000000
1.149945357 1.929880478 1.000000000
11.219275350 6.701409749 4.000000000
0.750004421 12.746114240 3.000000000
15.137140340 6.366048573 4.000000000
1.297793444 -1.685238171 1.000000000
-0.896419038 -0.610208211 1.000000000
0.510494021 4.304841893 2.000000000
-1.508452123 5.950204879 2.000000000
11.641720600 5.337816273 4.000000000
1.068244250 10.888100500 3.000000000
1.369059445 7.071004555 2.000000000
10.825794190 -1.119401376 5.000000000
8.294579952 2.425728562 5.000000000
2.018023551 12.629942260 3.000000000
14.373078530 6.405097888 4.000000000
-0.823275891 11.013651760 3.000000000
-2.405160985 -0.263370371 1.000000000
11.298596450 5.344116275 4.000000000
0.349699862 5.375755052 2.000000000
0.733068434 11.120869400 3.000000000
7.224047890 -0.421305958 5.000000000
-0.136460667 6.652045721 2.000000000
0.118364291 13.391338370 3.000000000
3.830053756 -0.585024514 5.000000000
9.867500408 8.801497116 4.000000000
0.708153765 2.309067167 2.000000000
0.649861923 6.060009995 2.000000000
-0.325662067 5.077772098 2.000000000
4.583402225 0.300437108 5.000000000
1.844204510 -2.449684260 1.000000000
16.180225370 5.407088520 4.000000000
0.070901694 11.445945520 3.000000000
0.519529445 -0.721397665 1.000000000
11.568598510 4.366475109 4.000000000
2.174784747 12.214057620 3.000000000
16.583520850 5.593385737 4.000000000
12.475905340 6.095304773 4.000000000
9.267833456 7.871917097 4.000000000
13.348377750 4.620471491 4.000000000
3.473485639 0.015706077 5.000000000
0.145490093 4.352019937 2.000000000
6.815545872 6.698551272 4.000000000
-2.339728322 4.924974009 2.000000000
11.400583870 6.062875918 4.000000000
1.251563197 5.903614480 2.000000000
7.255330859 0.003598056 5.000000000
-0.455224357 3.277555353 2.000000000
-1.863945798 11.032597140 3.000000000
0.126190507 -0.859115675 1.000000000
8.949228178 6.323251234 4.000000000
0.283902529 11.088305840 3.000000000
1.762222176 10.780748720 3.000000000
13.004774510 6.708377046 4.000000000
2.262540682 9.457154058 2.000000000
0.293112594 3.320206335 2.000000000
4.010868664 0.215382332 5.000000000
12.396398740 3.933235120 4.000000000
14.357249590 4.487092332 4.000000000
10.642382940 6.069617350 4.000000000
9.945871086 7.835326781 4.000000000
5.428038656 -0.354505615 5.000000000
-0.921238557 12.367776300 3.000000000
1.361378715 11.799418100 3.000000000
11.852466130 7.528577115 4.000000000
0.111767541 9.832075757 2.000000000
10.474949800 7.739476178 4.000000000
8.973013796 6.589780910 4.000000000
1.492023782 11.262277750 3.000000000
7.227209278 0.435638656 5.000000000
0.717041029 5.214128087 2.000000000
0.637910512 11.182502590 3.000000000
-1.450152359 -0.324509325 1.000000000
11.370209470 6.890872871 4.000000000
-0.610814526 10.690816120 3.000000000
1.791782400 11.760738070 3.000000000
-0.277483271 -2.029253903 1.000000000
-0.639615078 4.504124379 2.000000000
-0.602463051 7.811287963 2.000000000
0.792204542 2.613993158 1.000000000
-1.143860982 9.849839606 2.000000000
-0.359316694 12.586916470 3.000000000
10.282303030 6.862497209 4.000000000
1.108259589 0.628379778 1.000000000
0.525877741 6.236723160 2.000000000
-0.259186619 5.619904212 2.000000000
-0.045766680 -2.245421772 1.000000000
0.593703787 12.556914730 3.000000000
2.162504287 -0.962888431 5.000000000
1.225767493 13.021979760 3.000000000
12.007437360 7.956882903 4.000000000
-0.896028139 9.358813467 2.000000000
-0.445389963 -1.198361339 1.000000000
1.000499333 13.085835610 3.000000000
9.649446062 4.898047725 4.000000000
12.386918400 5.661409755 4.000000000
4.004466709 0.293787101 5.000000000
1.077163179 12.313613340 3.000000000
11.672126210 5.203211255 4.000000000
17.073813650 6.148832880 4.000000000
1.798514200 7.371011676 2.000000000
-5.241337174 11.608919700 3.000000000
10.855392010 3.741956265 4.000000000
-1.357311416 12.641708630 3.000000000
-1.354034203 0.974822452 1.000000000
5.595064564 -0.403160644 5.000000000
4.066880929 0.984250470 5.000000000
1.303427544 -0.493451476 5.000000000
13.837000410 5.691945900 4.000000000
2.686590231 10.729588270 3.000000000
8.481217765 5.401893032 4.000000000
13.667363740 5.224505165 4.000000000
0.033639967 3.618417680 2.000000000
0.109743729 5.502370106 2.000000000
13.102956040 1.427211063 5.000000000
2.327146494 12.018711320 3.000000000
1.016263142 11.659160270 3.000000000
1.309243182 -0.682440273 5.000000000
2.748526066 -1.765152191 5.000000000
8.744586847 -0.366842254 5.000000000
0.829075457 -0.959696942 1.000000000
-1.034191257 -0.164980464 1.000000000
0.175097578 9.629420595 2.000000000
0.120695868 -2.006640694 1.000000000
0.701499474 11.274997550 3.000000000
-0.449082362 1.945444721 1.000000000
-0.982325431 0.566814743 1.000000000
1.624636833 -0.341934688 1.000000000
2.665542509 11.098745400 3.000000000
-1.394494909 -0.986606856 1.000000000
12.001408080 6.160182419 4.000000000
-0.078864970 11.855241610 3.000000000
3.821172563 0.133244286 5.000000000
5.060580656 -0.431256490 5.000000000
6.554566101 -0.713036209 5.000000000
0.606270286 0.608367062 1.000000000
-1.124208597 5.540482802 2.000000000
13.713342640 8.402585370 4.000000000
9.284107008 6.973244252 4.000000000
13.062807440 4.597906105 4.000000000
0.583065520 6.646346943 2.000000000
14.465582830 5.386452700 4.000000000
-4.254815464 12.979910550 3.000000000
4.681668939 0.395458531 5.000000000
3.634439411 1.640655217 5.000000000
-1.101205624 6.002384712 2.000000000
0.057726399 4.391519600 2.000000000
-1.391349676 0.572400131 1.000000000
-1.851607453 0.923622591 1.000000000
-0.514191263 -0.367997723 1.000000000
0.430775680 7.467364704 2.000000000
11.056288200 5.753662265 4.000000000
1.461872243 -1.102691570 1.000000000
3.183830761 -2.052114022 5.000000000
0.281137689 12.219577190 3.000000000
1.633963145 1.156527711 1.000000000
0.939890420 11.945282670 3.000000000
-0.814838107 10.582942360 3.000000000
14.444191200 6.337416101 4.000000000
1.904950715 12.795767200 3.000000000
13.326857640 6.343411075 4.000000000
11.392509120 6.676003616 4.000000000
10.225088200 6.510518390 4.000000000
15.096894600 7.152597472 4.000000000
-0.905462885 6.974795133 2.000000000
-0.949998654 -1.561771006 1.000000000
3.172347753 12.573865900 3.000000000
8.350697466 0.956819762 5.000000000
10.637183200 5.826258301 4.000000000
-0.013682619 0.112538461 1.000000000
-1.257796252 8.210536115 2.000000000
-0.502874214 4.615416352 2.000000000
1.233355595 -0.422860613 1.000000000
9.406454175 5.683817498 4.000000000
6.959518327 1.502355550 5.000000000
11.898634680 3.514257357 4.000000000
9.599969374 0.003838181 5.000000000
-0.773125693 6.258326200 2.000000000
-1.268444114 9.533601106 3.000000000
0.926567865 -0.940663042 1.000000000
-1.066237905 5.464235652 2.000000000
0.299433682 2.985075540 2.000000000
9.084689582 6.135658888 4.000000000
0.374673819 0.119494229 1.000000000
0.689273318 3.256581804 2.000000000
12.025471930 5.150787540 4.000000000
2.613352684 0.449755875 5.000000000
9.397770365 6.753163901 4.000000000
-0.058564566 1.386050151 2.000000000
8.636136856 0.180511094 5.000000000
7.817545840 1.510755158 5.000000000
12.626116020 5.559586920 4.000000000
0.249774782 14.284827560 3.000000000
-1.687266723 -0.076258697 1.000000000
-0.242183122 10.914545370 3.000000000
6.130829173 0.467389929 5.000000000
12.419995970 6.582798739 4.000000000
12.076172700 6.223465566 4.000000000
-2.565113445 13.564641950 3.000000000
9.838346712 0.725943606 5.000000000
-0.476171263 0.786860737 1.000000000
